,condition,X_avg,X_std,n,rep1_idx,rep1_X,rep2_idx,rep2_X,rep3_idx,rep3_X,rep4_idx,rep4_X,rep5_idx,rep5_X,rep6_idx,rep6_X
0,AX__AX_10_MIC,-1.2805901553,0.005049126376654133,2.0,0.0,-1.2841604268,1.0,-1.2770198838,,,,,,,,
1,AX__AX_30_MIC,-1.2981372269000002,0.10188166415136417,2.0,2.0,-1.3701784425,3.0,-1.2260960113000001,,,,,,,,
2,AX__QZ_10_MIC,-1.3529487014,0.160322408603931,2.0,4.0,-1.4663137637,5.0,-1.2395836391,,,,,,,,
3,AX__QZ_30_MIC,-1.5290298446000001,0.10846054986392067,2.0,6.0,-1.4523366543,7.0,-1.6057230349,,,,,,,,
4,AX__wt,0.0,0.9227787015492614,2.0,8.0,-0.6525030774,9.0,0.6525030774,,,,,,,,
5,ITM_04__00h_clinic_ctrl,0.2145825534,0.0074636315764700315,2.0,10.0,0.2093049689,11.0,0.2198601379,,,,,,,,
6,ITM_04__00h_h37rv_control,-3.33333360913457e-11,0.18173737427065925,3.0,12.0,-0.1936698229,13.0,0.0268529638,14.0,0.166816859,,,,,,
7,ITM_04__06h_clinic_delam,-0.5259246274,0.10281501886294483,3.0,15.0,-0.6388376098,16.0,-0.5012316673,17.0,-0.43770460510000003,,,,,,
8,ITM_04__06h_clinic_DMSO,0.6855036808,0.036137185046177564,3.0,18.0,0.7194244235,19.0,0.6895892961,20.0,0.6474973228,,,,,,
9,ITM_04__06h_h37rv_delam,-0.6361308343666666,0.12286377821785283,3.0,21.0,-0.5503988405,22.0,-0.5811038953000001,23.0,-0.7768897673,,,,,,
10,ITM_04__06h_h37rv_DMSO,0.548831766,0.16584324691023003,3.0,24.0,0.6736061480000001,25.0,0.6122519585,26.0,0.3606371915,,,,,,
11,ITM_04__24h_clinic_delam,-0.4406469556333333,0.10184019317928285,3.0,27.0,-0.4327228441,28.0,-0.546217728,29.0,-0.3430002948,,,,,,
12,ITM_04__24h_clinic_DMSO,0.7372501404666667,0.12304570425399544,3.0,30.0,0.6638320679,31.0,0.879304254,32.0,0.6686140995000001,,,,,,
13,ITM_04__24h_h37rv_delam,-0.6748978270666667,0.03232587724951303,3.0,33.0,-0.6422328703,34.0,-0.6755870069000001,35.0,-0.706873604,,,,,,
14,ITM_04__24h_h37rv_DMSO,0.6151863433,0.08542952324489636,2.0,36.0,0.5547785481,37.0,0.6755941385,,,,,,,,
15,JSF__DMSO,2.4999998599062323e-11,0.09298120606111118,4.0,38.0,-0.07748671500000001,39.0,0.056648478200000005,40.0,-0.08042733690000001,41.0,0.10126557380000001,,,,
16,JSF__JSF_2019,-0.7648802307,0.09378817743398805,4.0,42.0,-0.8485627537,43.0,-0.6328081193,44.0,-0.7694270825,45.0,-0.8087229673,,,,
17,JSF__JSF_2026,-0.7903326679750001,0.05915229446773079,4.0,46.0,-0.843588544,47.0,-0.7202252881,48.0,-0.7626768305,49.0,-0.8348400093,,,,
18,MTS1338__over_expression,0.0,0.21344123874295454,2.0,50.0,-0.1509257473,51.0,0.1509257473,,,,,,,,
19,PAS__control,0.0,0.16136447195444253,3.0,52.0,-0.033739206800000004,53.0,-0.1418274106,54.0,0.1755666174,,,,,,
20,PAS__treated,0.15484981716666668,0.19251795010956133,3.0,55.0,0.2492553929,56.0,-0.0666482706,57.0,0.2819423292,,,,,,
21,THP-1__24h_THP_B_enriched,0.0,0.1795986925580004,2.0,58.0,-0.1269954534,59.0,0.1269954534,,,,,,,,
22,aminoimidazoles__02h_treated,0.3416532518,0.04279015405456505,2.0,60.0,0.3113960437,61.0,0.3719104599,,,,,,,,
23,aminoimidazoles__24h_treated,-0.6568360263,0.06885507379564401,2.0,62.0,-0.7055239159000001,63.0,-0.6081481367,,,,,,,,
24,aminoimidazoles__00h_untreated,-4.625929269271485e-18,0.09267438884345397,3.0,64.0,-0.0040617215000000005,65.0,0.0946384693,66.0,-0.09057674780000001,,,,,,
25,antibiotic__ctrl_24h,-0.03869155693333334,0.11256672605347222,3.0,67.0,-0.1562850051,68.0,-0.0278542274,69.0,0.0680645617,,,,,,
26,antibiotic__ctrl_4h,3.33333360913457e-11,0.3673727115083468,3.0,70.0,0.42269847180000003,71.0,-0.18041041500000002,72.0,-0.2422880567,,,,,,
27,antibiotic__izd_4h,1.7058050781,0.15986591474955378,2.0,73.0,1.8188473505,74.0,1.5927628057,,,,,,,,
28,base__wt_glu_24,-1.7909930453999998,0.2403766036097538,3.0,75.0,-1.7848778644,76.0,-1.5537323781999999,77.0,-2.0343688936,,,,,,
29,base__wt_glu_6,0.0,0.10295595233760772,3.0,78.0,0.1107097788,79.0,-0.017839069000000003,80.0,-0.0928707098,,,,,,
30,base__wt_llac_24,-0.6785692255333333,0.32025196603821915,3.0,81.0,-0.48692925000000004,82.0,-0.5004970601000001,83.0,-1.0482813665,,,,,,
31,base__wt_llac_6,-0.6664100197666668,0.015326776575787902,3.0,84.0,-0.650633338,85.0,-0.6673534118000001,86.0,-0.6812433095,,,,,,
32,base__wt_pyr_24,-1.2042438122333332,0.14041897118872348,3.0,87.0,-1.0936916062,88.0,-1.3622386807,89.0,-1.1568011498,,,,,,
33,base__wt_pyr_6,0.20093784123333336,0.20051743728557406,3.0,90.0,-0.0135982077,91.0,0.3836244008,92.0,0.2327873306,,,,,,
34,biofilm__biofilm,0.45576871855,0.09885143985284382,2.0,93.0,0.525667242,94.0,0.38587019510000004,,,,,,,,
35,biofilm__planktonic,0.0,0.0034161484011602573,2.0,95.0,-0.0024155817000000002,96.0,0.0024155817000000002,,,,,,,,
36,btz043__0_days_.006,-0.05387612466666667,0.12432060807260761,3.0,97.0,0.02604447,98.0,0.009435730600000001,99.0,-0.1971085746,,,,,,
37,btz043__0_days_control,0.0,0.03163262712520593,3.0,100.0,0.0127955124,101.0,0.0232304271,102.0,-0.0360259395,,,,,,
38,btz043__1_days_.006,0.258024793825,0.09473841626092443,4.0,103.0,0.1765819643,104.0,0.2862950882,105.0,0.1895313599,106.0,0.37969076290000003,,,,
39,btz043__1_days_control,0.47343851174999996,0.03442797700127283,4.0,107.0,0.5071421932,108.0,0.4827183611,109.0,0.4784986869,110.0,0.4253948058,,,,
40,clarithromycin__1_days_control,3.33333360913457e-11,0.12859269343438892,3.0,111.0,0.13578335160000002,112.0,-0.0158509044,113.0,-0.1199324471,,,,,,
41,cnpB__del,0.34264878590000003,0.2722970663083593,3.0,114.0,0.5322756674,115.0,0.46503784670000003,116.0,0.0306328436,,,,,,
42,cnpB__wt,1.850371707708594e-17,0.3484160753123935,3.0,117.0,-0.06334778170000001,118.0,0.37574373180000004,119.0,-0.3123959501,,,,,,
43,csoR__ko,0.3802020557,0.004042204764609573,2.0,120.0,0.3830603261,121.0,0.3773437853,,,,,,,,
44,csoR__wt,0.0,0.004882870157469347,2.0,122.0,-0.0034527106,123.0,0.0034527106,,,,,,,,
45,dap__0_days_25,-0.116741767475,0.05534885167455426,4.0,124.0,-0.1266615709,125.0,-0.0550395143,126.0,-0.1870413505,127.0,-0.09822463420000001,,,,
46,dap__0_days_control,0.0,0.10033896071653879,4.0,128.0,0.1463315534,129.0,-0.0531987042,130.0,-0.0180722878,131.0,-0.0750605614,,,,
47,dap__1_days_25,0.24813977004999999,0.071943954033912,4.0,132.0,0.3365639127,133.0,0.1632982143,134.0,0.2304667022,135.0,0.262230251,,,,
48,dap__1_days_control,0.145108484075,0.0724200193559066,4.0,136.0,0.1438202949,137.0,0.1607495462,138.0,0.0502260818,139.0,0.2256380134,,,,
49,degradosome__mutant_rnj,-0.9951752868333333,0.25453775098397885,3.0,140.0,-0.8200155533,141.0,-0.8783566030000001,142.0,-1.2871537042,,,,,,
50,degradosome__PNPase_ko,-1.0387524919666666,0.16754792234825436,3.0,143.0,-1.0107125058,144.0,-1.2185513307,145.0,-0.8869936394,,,,,,
51,degradosome__Rnase_E_ko,-1.9286775352666667,0.3974008204660229,3.0,146.0,-2.3767956674,147.0,-1.6190613722,148.0,-1.7901755662,,,,,,
52,degradosome__wt_cas9_ctrl,-2.2835261237,0.6039767656221453,3.0,149.0,-2.7199086868,150.0,-2.5364671244,151.0,-1.5942025599,,,,,,
53,degradosome__wt_expn,9.25185853854297e-18,0.20306502078209984,3.0,152.0,0.0591789517,153.0,0.16690172350000002,154.0,-0.2260806752,,,,,,
54,delam__0_days_.09,0.12553783795,0.04516775406545371,4.0,155.0,0.1579511519,156.0,0.1541640411,157.0,0.060468229400000004,158.0,0.1295679294,,,,
55,delam__0_days_control,6.938893903907228e-18,0.17613496320009103,4.0,159.0,-0.2537115666,160.0,0.0150780483,161.0,0.1199046321,162.0,0.11872888620000001,,,,
56,delam__1_days_.09,-0.23690323817500003,0.09988215942758365,4.0,163.0,-0.1171230921,164.0,-0.3038827022,165.0,-0.1936549995,166.0,-0.3329521589,,,,
57,delam__1_days_control,-0.121294801175,0.11158733124022517,4.0,167.0,-0.2560437385,168.0,-0.020848951,169.0,-0.038873809700000005,170.0,-0.1694127055,,,,
58,dg_inh__both,-0.5128236157,0.07191007210321433,3.0,171.0,-0.4838426089,172.0,-0.5947020587,173.0,-0.45992617950000003,,,,,,
59,dg_inh__dg,-0.2657716126333333,0.043047021857390004,3.0,174.0,-0.2401491006,175.0,-0.3154700107,176.0,-0.24169572660000002,,,,,,
60,dg_inh__DMSO,3.33333360913457e-11,0.14734868124039735,3.0,177.0,0.012223255300000001,178.0,-0.1530795761,179.0,0.1408563209,,,,,,
61,dg_inh__inh,-0.4414485917666666,0.11599470719009894,3.0,180.0,-0.3927850747,181.0,-0.5738482395,182.0,-0.3577124611,,,,,,
62,dormancy__dormant_20d_rifampicin,1.6924665924333333,0.1901375071028004,3.0,183.0,1.5901011406999999,184.0,1.911855315,185.0,1.5754433216,,,,,,
63,dormancy__dormant_no_treatment,3.333333146541643e-11,0.0858460041387115,3.0,186.0,-0.0836011846,187.0,-0.004326058000000001,188.0,0.0879272427,,,,,,
64,eccE1__control,0.0,0.02012405704287244,2.0,189.0,0.014229857200000001,190.0,-0.014229857200000001,,,,,,,,
65,eccE1__delta_eccE1,-0.06261489285,0.08537562056567718,2.0,191.0,-0.0022452126,192.0,-0.12298457310000001,,,,,,,,
66,eccE1__delta_eccE1_eccE1_HA_comp,-0.08313019025,0.036323255317818805,2.0,193.0,-0.1088146104,194.0,-0.0574457701,,,,,,,,
67,eccE1__delta_eccE1_empty_vector,-0.005130569599999999,0.06287508362654325,2.0,195.0,-0.0495899676,196.0,0.0393288284,,,,,,,,
68,eccE1__delta_eccE1_myc_p1_HA_comp,-0.01586198315,0.07701350092926534,2.0,197.0,-0.0703187519,198.0,0.0385947856,,,,,,,,
69,eccE1__delta_eccE1_mycP1_eccE1_comp,-0.14837999365,0.24608985231057,2.0,199.0,0.0256318097,200.0,-0.32239179700000004,,,,,,,,
70,emb__0_days_2.45,-0.293875024475,0.1653274533783311,4.0,201.0,-0.2581916454,202.0,-0.3901149299,203.0,-0.07700826870000001,204.0,-0.4501852539,,,,
71,emb__0_days_control,2.50000003337858e-11,0.1410165272569721,4.0,205.0,0.1744262041,206.0,-0.060479439200000006,207.0,-0.1546534393,208.0,0.040706674500000005,,,,
72,emb__1_days_2.45,-0.140030451375,0.10516735993538522,4.0,209.0,-0.0912992834,210.0,-0.1333621037,211.0,-0.0468443663,212.0,-0.2886160521,,,,
73,emb__1_days_control,-0.09557578347500001,0.06236797666665726,4.0,213.0,-0.0236671021,214.0,-0.0814897596,215.0,-0.1025004709,216.0,-0.17464580130000001,,,,
74,espL__ko,-0.023454621300000006,0.19540003812175097,2.0,217.0,-0.16162331330000002,218.0,0.1147140707,,,,,,,,
75,espL__wt,0.0,0.14340615420183325,2.0,219.0,0.10140346410000001,220.0,-0.10140346410000001,,,,,,,,
76,esx_1__ko,-0.0895733387,0.06601626224213061,2.0,221.0,-0.042892792000000006,222.0,-0.1362538854,,,,,,,,
77,esx_1__wt,0.0,0.16063197717453767,3.0,223.0,-0.1774930909,224.0,0.0421119649,225.0,0.13538112600000002,,,,,,
78,genotoxic__control,0.0,0.14721736867707536,2.0,226.0,0.10409839970000001,227.0,-0.10409839970000001,,,,,,,,
79,genotoxic__growth_supplement,-0.2575870222,0.01833733128431027,2.0,228.0,-0.27055347350000003,229.0,-0.2446205709,,,,,,,,
80,growth__tss_expnt,-0.2543722858666667,0.36993877292411165,3.0,230.0,-0.260832161,231.0,-0.6210388179,232.0,0.1187541213,,,,,,
81,growth__tss_starved,-0.2497368236666667,0.2545545684476198,3.0,233.0,0.0275562047,234.0,-0.4728194713,235.0,-0.3039472044,,,,,,
82,growth__wt_expn,9.25185853854297e-18,0.2860391581211566,3.0,236.0,-0.2573039934,237.0,0.3079963337,238.0,-0.0506923403,,,,,,
83,hs2__treated,-0.1966528484,0.14399814536427574,3.0,239.0,-0.3022940145,240.0,-0.2550321929,241.0,-0.0326323378,,,,,,
84,hs2__untreated,-1.850371707708594e-17,0.41724170093781343,3.0,242.0,-0.44247804830000004,243.0,0.0561617102,244.0,0.3863163381,,,,,,
85,hypoxia__000h_.81_DO,9.25185853854297e-18,0.20649644066834688,3.0,245.0,-0.163335971,246.0,-0.0687707078,247.0,0.23210667880000002,,,,,,
86,hypoxia__017h_.57_DO,-0.15658272976666668,0.13572286319730215,3.0,248.0,-0.0713574876,249.0,-0.08529544230000001,250.0,-0.3130952594,,,,,,
87,hypoxia__023h_.42_DO,-0.68948216865,0.08596805965853535,2.0,251.0,-0.7502707666,252.0,-0.6286935707,,,,,,,,
88,hypoxia__040h_.11_DO,-1.1090630938500001,0.15260722272939353,2.0,253.0,-1.2169726959,254.0,-1.0011534918,,,,,,,,
89,hypoxia__041h_.09_DO,-1.0409478538333332,0.25178537562992614,3.0,255.0,-1.3027598766000001,256.0,-0.8005579444,257.0,-1.0195257405,,,,,,
90,hypoxia__042h_.07_DO,-1.0075836324,0.20806654866626945,2.0,258.0,-0.8604583649,259.0,-1.1547088999,,,,,,,,
91,hypoxia__043h_.06_DO,-1.0955269092333333,0.2816003974567786,3.0,260.0,-1.2556485353,261.0,-0.7703751284,262.0,-1.260557064,,,,,,
92,hypoxia__044h_.04_DO,-1.316706653,0.22884958500106317,3.0,263.0,-1.5572080578,264.0,-1.2912791453999999,265.0,-1.1016327558,,,,,,
93,hypoxia__047h_0_DO,-1.3842682598333333,0.6635749099740363,3.0,266.0,-0.6572640763,267.0,-1.9573660313999999,268.0,-1.5381746718,,,,,,
94,hypoxia__049h_0_DO,-2.0086318682,0.09823758335280858,3.0,269.0,-2.0349496755,270.0,-1.8999159002,271.0,-2.0910300289,,,,,,
95,hypoxia__050h_0_DO,-2.1711397596333333,0.3126232296635051,3.0,272.0,-2.4065202073,273.0,-1.8164256607,274.0,-2.2904734109,,,,,,
96,hypoxia__052h_0_DO,-1.8972547911333333,0.2620944741851633,3.0,275.0,-2.195593376,276.0,-1.7040505127999999,277.0,-1.7921204846,,,,,,
97,hypoxia__054h_0_DO,-1.80372017358,0.5202019971710059,5.0,278.0,-2.1153388491,279.0,-1.4683086808999999,280.0,-1.3956112958,281.0,-1.4660416279000001,282.0,-2.5733004142,,
98,hypoxia__070h_0_DO,-1.2305076917000002,0.03668032069566219,2.0,283.0,-1.2045707882,284.0,-1.2564445952,,,,,,,,
99,hypoxia__088h_0_DO,-1.74133967155,0.045221720821772234,2.0,285.0,-1.7093630861,286.0,-1.773316257,,,,,,,,
100,hypoxia__114.5h_.04_DO,-1.1635683243666666,0.057145472452553824,3.0,287.0,-1.2292000662,288.0,-1.1248396817,289.0,-1.1366652252,,,,,,
101,hypoxia__115h_.06_DO,-0.7179154081666667,0.05063429831966697,3.0,290.0,-0.7739529501,291.0,-0.7043423143,292.0,-0.6754509601,,,,,,
102,hypoxia__116h_.11_DO,-0.7208507753000001,0.031706854298552176,3.0,293.0,-0.7560066327,294.0,-0.6944199444,295.0,-0.7121257488,,,,,,
103,hypoxia__120h_.47_DO,-0.49395902393333335,0.16651384065136549,3.0,296.0,-0.42224029560000004,297.0,-0.684314916,298.0,-0.3753218602,,,,,,
104,kinase__DMSO_0h_F,1.4802082656,0.06624184829432075,3.0,299.0,1.5158778531000001,300.0,1.4037753246,301.0,1.5209716191,,,,,,
105,kinase__DMSO_0h_H,0.3302001969,0.11937668072458647,6.0,302.0,0.3383601265,303.0,0.372221075,304.0,0.32758581610000004,305.0,0.1768713763,306.0,0.5250536035,307.0,0.241109184
106,kinase__DMSO_0h_I,1.666666804567285e-11,0.7574047483999059,6.0,308.0,-0.2233257673,309.0,0.7388344474,310.0,0.1404754617,311.0,0.34690115380000003,312.0,0.4012189172,313.0,-1.4041042127
107,kinase__pknD_T10_48h,0.8802116875333333,0.21076984166962026,3.0,314.0,0.6526036144,315.0,1.0686471514,316.0,0.9193842968,,,,,,
108,kinase__pknL_T10_48h,0.5968590442,0.08102320104600194,3.0,317.0,0.5327957086,318.0,0.6879387931000001,319.0,0.5698426309,,,,,,
109,kinase__pknL_T4_48h,0.2401958258,0.0634149544859213,3.0,320.0,0.2088344974,321.0,0.1985719809,322.0,0.3131809991,,,,,,
110,kinase__T10_12h_F,1.5324822531666669,0.1122784055501807,3.0,323.0,1.4051976204,324.0,1.6174648378,325.0,1.5747843013,,,,,,
111,kinase__T10_12h_H,1.5658436902666668,0.06406183897642757,3.0,326.0,1.6242426042,327.0,1.5759646396,328.0,1.497323827,,,,,,
112,kinase__T10_12h_I,0.51803610125,0.18334709141446778,2.0,329.0,0.6476820729,330.0,0.3883901296,,,,,,,,
113,kinase__T10_24h_F,1.7883988837666667,0.06355656108149955,3.0,331.0,1.8145388435,332.0,1.7159406615,333.0,1.8347171463,,,,,,
114,kinase__T10_24h_H,1.4419371634999998,0.08493539495124211,3.0,334.0,1.3909901777,335.0,1.3948343187,336.0,1.5399869941,,,,,,
115,kinase__T10_24h_I,0.38723247135000005,0.2725930861906817,2.0,337.0,0.1944800516,338.0,0.5799848911000001,,,,,,,,
116,kinase__T10_48h_F,1.6454472635000001,0.3374777372122045,3.0,339.0,1.2578479133,340.0,1.8043717195000002,341.0,1.8741221577,,,,,,
117,kinase__T10_48h_H,1.6750080682333335,0.08205622550047066,3.0,342.0,1.5840688472000002,343.0,1.6974392825,344.0,1.743516075,,,,,,
118,kinase__T10_48h_I,0.6445532118666666,0.0626483160945349,3.0,345.0,0.5738834264,346.0,0.6932727068,347.0,0.6665035024,,,,,,
119,kinase__T4 _48h_H,0.29554454446666667,0.12182506268501293,3.0,348.0,0.36511050780000004,349.0,0.15487587700000002,350.0,0.36664724860000003,,,,,,
120,kinase__T4 20 _12h_I,0.027902714733333334,0.03483073584155929,3.0,351.0,0.0361229121,352.0,0.057888091200000005,353.0,-0.0103028591,,,,,,
121,kinase__T4_12h_F,1.2069666540333335,0.12212726927355405,3.0,354.0,1.1111481157,355.0,1.1652702555,356.0,1.3444815909,,,,,,
122,kinase__T4_12h_H,0.9336367339666666,0.03648731743103149,3.0,357.0,0.9184426204,358.0,0.9072017688,359.0,0.9752658127,,,,,,
123,kinase__T4_24h_F,0.9418123477666667,0.06023770978867079,3.0,360.0,0.9865043214,361.0,0.8733084548000001,362.0,0.9656242671,,,,,,
124,kinase__T4_24h_H,0.3856103696,0.1702269424172364,3.0,363.0,0.3718081543,364.0,0.5623182382,365.0,0.22270471630000002,,,,,,
125,kinase__T4_24h_I,-0.0940448315,0.1815434921789182,2.0,366.0,0.0343258029,367.0,-0.2224154659,,,,,,,,
126,kinase__T4_48h_F,0.7796689869333333,0.023015260058742736,3.0,368.0,0.7532849042,369.0,0.7956200733000001,370.0,0.7901019833,,,,,,
127,kinase__T4_48h_I,-0.24357131416666666,0.15988662883915156,3.0,371.0,-0.2492949354,372.0,-0.0808997285,373.0,-0.40051927860000003,,,,,,
128,kinase__WT_T10_48h,0.9082574661,0.7097855059157675,5.0,374.0,1.4638723040000001,375.0,0.1118132327,376.0,0.1564780029,377.0,1.4892438243,378.0,1.3198799666,,
129,kinase__WT_T4_48h,0.4787404221666667,0.14597100880559064,3.0,379.0,0.6235479033,380.0,0.3316330641,381.0,0.4810402991,,,,,,
130,levofloxacin__control,9.25185853854297e-18,0.16135916265495234,3.0,382.0,-0.1418232085,383.0,-0.033737392500000005,384.0,0.175560601,,,,,,
131,levofloxacin__treated,1.8029438970666665,0.3731117711969529,3.0,385.0,1.3817928269,386.0,2.0921719965,387.0,1.9348668678,,,,,,
132,linez__0_days_4,-0.3067759678,0.046187906983959116,4.0,388.0,-0.33587738980000004,389.0,-0.32582492630000004,390.0,-0.2378065513,391.0,-0.3275950038,,,,
133,linez__0_days_control,6.938893903907228e-18,0.1662838578206442,4.0,392.0,-0.2442123035,393.0,0.1069110816,394.0,0.0336111846,395.0,0.10369003730000001,,,,
134,linez__1_days_4,-0.3445350863,0.08025141902277401,4.0,396.0,-0.3929754821,397.0,-0.2248774973,398.0,-0.3879062827,399.0,-0.3723810831,,,,
135,linez__1_days_control,-0.3903868493666667,0.10103655681727013,3.0,400.0,-0.48423527600000005,401.0,-0.4034854686,402.0,-0.28343980350000003,,,,,,
136,lipid__dextrose_exp,0.0,0.0005711277430013184,2.0,403.0,0.0004038483,404.0,-0.0004038483,,,,,,,,
137,lipid__dextrose_hypo,-0.5176644688500001,0.024292227152985457,2.0,405.0,-0.5004872703000001,406.0,-0.5348416674,,,,,,,,
138,lipid__dextrose_stat,1.6042211391499999,0.10245156980171549,2.0,407.0,1.5317769394,408.0,1.6766653389,,,,,,,,
139,lipid__lipid_exp,-1.59844092245,0.17455986130252693,2.0,409.0,-1.4750084608,410.0,-1.7218733841,,,,,,,,
140,lipid__lipid_stat,-1.31772269945,0.42304263699471206,2.0,411.0,-1.0185863821,412.0,-1.6168590167999999,,,,,,,,
141,mcr11__mcr11_mutant,-0.0009958837666666869,0.29428838622682163,3.0,413.0,-0.32044201440000003,414.0,0.05837140700000001,415.0,0.2590829561,,,,,,
142,mcr11__wt,0.0,0.3328064017437683,3.0,416.0,0.1270854195,417.0,-0.3776240259,418.0,0.25053860640000003,,,,,,
143,miceAV_macro__24h_control,2.3129646346357427e-18,0.06939369633960635,3.0,419.0,-0.0302115017,420.0,0.07937809300000001,421.0,-0.0491665913,,,,,,
144,miceBMDM__inf02,1.571632707,0.08114617352245389,3.0,422.0,1.5294999781,423.0,1.5202192374,424.0,1.6651789055,,,,,,
145,miceBMDM__inf24,0.0898548446,0.05871534771691369,3.0,425.0,0.1104345452,426.0,0.0236199409,427.0,0.1355100477,,,,,,
146,miceBMDM__inf08,0.4769548210333334,0.23677977838505537,3.0,428.0,0.20392986800000001,429.0,0.6009096418000001,430.0,0.6260249533000001,,,,,,
147,miceBMDM__no_inf02,-3.33333360913457e-11,0.14353906521908846,3.0,431.0,0.057997418,432.0,-0.1634631574,433.0,0.1054657393,,,,,,
148,miceBMDM__no_inf24,0.7205609369666668,0.06935949276713672,3.0,434.0,0.7998977725,435.0,0.6714062590000001,436.0,0.6903787794,,,,,,
149,miceBMDM__no_inf08,1.4012849299666668,0.09591355211027265,3.0,437.0,1.3233036756,438.0,1.3721682708,439.0,1.5083828435000002,,,,,,
150,miceNF__control,0.0,0.07565667693107081,2.0,440.0,-0.053497349300000004,441.0,0.053497349300000004,,,,,,,,
151,miceNF__invivo,1.0994385854333333,0.2647342254715505,3.0,442.0,0.7942646478000001,443.0,1.2673833203,444.0,1.2366677882000001,,,,,,
152,mihF__mihF_mutant_atc,1.7317990535,0.021683162017300806,2.0,445.0,1.7164667426,446.0,1.7471313644,,,,,,,,
153,mihF__mihF_mutant_no_atc,0.1878326019,0.32080253525408503,2.0,447.0,0.41467425,448.0,-0.0390090462,,,,,,,,
154,mihF__wt_atc,0.18365481970000003,0.08234495658816028,2.0,449.0,0.1254281425,450.0,0.24188149690000002,,,,,,,,
155,mihF__wt_no_atc,0.0,0.18143192982073003,2.0,451.0,0.1282917479,452.0,-0.1282917479,,,,,,,,
156,mmpl3__mutant_no_ATC,0.0,0.15630917004434852,2.0,453.0,0.1105272741,454.0,-0.1105272741,,,,,,,,
157,mmpl3__mutant_with_ATC,-0.18379877625000002,0.05243008713307658,2.0,455.0,-0.2208724464,456.0,-0.1467251061,,,,,,,,
158,mrsI__ko_iron_atc,-0.060868455099999996,0.2807556185034319,2.0,457.0,-0.2593926568,458.0,0.13765574660000002,,,,,,,,
159,mrsI__ko_iron_no_atc,1.03083041475,0.4212607988996429,2.0,459.0,1.3287067823,460.0,0.7329540472,,,,,,,,
160,mrsI__ko_ox_atc,0.9609449590500001,0.18251540712625716,2.0,461.0,0.8318870770000001,462.0,1.0900028411,,,,,,,,
161,mrsI__ko_ox_no_atc,0.2548553032,0.029321371186978022,2.0,463.0,0.2341219628,464.0,0.2755886436,,,,,,,,
162,mrsI__ko_sds_atc,0.09425143035,0.07708132505608183,2.0,465.0,0.039746702700000004,466.0,0.148756158,,,,,,,,
163,mrsI__ko_sds_no_atc,-0.14963776215,0.18138431388648102,2.0,467.0,-0.2778958405,468.0,-0.0213796838,,,,,,,,
164,mrsI__wt_iron_atc,-0.14183795315,0.1507930171042582,2.0,469.0,-0.0352111882,470.0,-0.2484647181,,,,,,,,
165,mrsI__wt_iron_no_atc,1.1506902892,0.40189641559246647,2.0,471.0,1.43487397,472.0,0.8665066084,,,,,,,,
166,mrsI__wt_ox_atc,1.3573425961,0.2909659660663345,2.0,473.0,1.5630866038,474.0,1.1515985884,,,,,,,,
167,mrsI__wt_ox_noatc,-0.23392213715,0.03635079755121009,2.0,475.0,-0.2082182417,476.0,-0.2596260326,,,,,,,,
168,mrsI__wt_sds_atc,-0.23754704605000002,0.010641595088896257,2.0,477.0,-0.230022302,478.0,-0.24507179010000002,,,,,,,,
169,mrsI__wt_sds_no_atc,0.0,0.09372388776811355,2.0,479.0,-0.0662727966,480.0,0.0662727966,,,,,,,,
170,nitrate__control,0.0,0.010213578758049955,2.0,481.0,0.0072220908,482.0,-0.0072220908,,,,,,,,
171,p218__0_days_.1,-0.07731328725,0.09751999385068079,4.0,483.0,0.0045885856,484.0,-0.2128066089,485.0,-0.0823614706,486.0,-0.018673655100000002,,,,
172,p218__0_days_control,0.0,0.07414788361689267,4.0,487.0,0.049685872900000004,488.0,0.0510054938,489.0,0.0060196602000000005,490.0,-0.1067110269,,,,
173,p218__1_days_.1,-0.25595965005000004,0.04923437425579288,4.0,491.0,-0.2253576095,492.0,-0.2785495545,493.0,-0.313785719,494.0,-0.2061457172,,,,
174,p218__1_days_control,-0.40432348707500004,0.07121717963862788,4.0,495.0,-0.3773452718,496.0,-0.4512768225,497.0,-0.4720653214,498.0,-0.3166065326,,,,
175,patH-Cap__post_path_ctrl,0.10181313310000001,0.3883931365205593,2.0,499.0,-0.1728222875,500.0,0.3764485537,,,,,,,,
176,patH-Cap__post_path_inh,-0.157518494,0.2762332902142956,2.0,501.0,0.0378079387,502.0,-0.3528449267,,,,,,,,
177,patH-Cap__pre_path_ctrl,0.0,0.10288707255489701,2.0,503.0,0.0727521467,504.0,-0.0727521467,,,,,,,,
178,patH-Cap__pre_path_inh,-0.47412545790000005,0.08914417818794809,2.0,505.0,-0.411091005,506.0,-0.5371599108,,,,,,,,
179,ppxx__double_mutant,0.0,0.2320197753226147,2.0,507.0,-0.16406275650000002,508.0,0.16406275650000002,,,,,,,,
180,reactivation__day_1_reactivation,3.4312014136,0.023719770480854635,3.0,509.0,3.4522822996,510.0,3.435804441,511.0,3.4055175002,,,,,,
181,reactivation__day_2_reactivation,3.1519334502666663,0.01465198800274363,3.0,512.0,3.1353054518,513.0,3.1575431931,514.0,3.1629517059,,,,,,
182,reactivation__day_3_reactivation,3.4887477805333336,0.02279703030174436,3.0,515.0,3.5101785852000003,516.0,3.4912703935,517.0,3.4647943629,,,,,,
183,reactivation__day_4_reactivation,3.518889715833333,0.03073598929959553,3.0,518.0,3.5112275716,519.0,3.5527319475,520.0,3.4927096284,,,,,,
184,reactivation__day_0_persistence,0.0,0.027021033984390236,3.0,521.0,0.0066630183,522.0,-0.029729225300000002,523.0,0.023066207000000002,,,,,,
185,redox__intra_basal,-1.06222101645,0.14332164171858464,2.0,524.0,-0.9608773117,525.0,-1.1635647212,,,,,,,,
186,redox__whib3_comp_4.5,-1.2765804867,0.26322674375667704,2.0,526.0,-1.4627099022,527.0,-1.0904510712,,,,,,,,
187,redox__whib3_comp_6.6,-0.08508450105,0.0340548973517016,2.0,528.0,-0.1091649499,529.0,-0.0610040522,,,,,,,,
188,redox__whib3_ko_4.5,-1.336242517,0.17711207477016153,2.0,530.0,-1.4614796661,531.0,-1.2110053679,,,,,,,,
189,redox__wt_4.5,0.33816401620000003,0.059495052401288384,2.0,532.0,0.2960946612,533.0,0.3802333712,,,,,,,,
190,redox__wt_6.6,0.0,0.27055999700493283,2.0,534.0,-0.1913148086,535.0,0.1913148086,,,,,,,,
191,resus__day_1_run_1,0.0,0.07216394773413719,2.0,536.0,0.0510276168,537.0,-0.0510276168,,,,,,,,
192,resus__day_4_run_1,-0.40673029995,0.028733893508850035,2.0,538.0,-0.38641236900000003,539.0,-0.4270482309,,,,,,,,
193,rho__00h_DUC,0.0,0.38885220891052463,2.0,540.0,-0.2749600338,541.0,0.2749600338,,,,,,,,
194,rho__00h_DUC_1,0.2943571169,0.06084725962859788,2.0,542.0,0.33738262680000003,543.0,0.251331607,,,,,,,,
195,rho__01.5_DUC,0.44003135725000003,0.0788896030050705,2.0,544.0,0.38424798400000004,545.0,0.4958147305,,,,,,,,
196,rho__01.5h_DUC_ATC,-0.06260730739999999,0.09932499909298871,2.0,546.0,0.007626073000000001,547.0,-0.1328406878,,,,,,,,
197,rho__03_DUC,0.025116451350000003,0.07525216002130505,2.0,548.0,-0.028094861300000003,549.0,0.07832776400000001,,,,,,,,
198,rho__03h_DUC_ATC,0.4065986744000001,0.20029900202956016,2.0,550.0,0.5482314570000001,551.0,0.2649658918,,,,,,,,
199,rho__06h_DUC_ATC,1.01544116045,0.027394438952339256,2.0,552.0,0.9960703669000001,553.0,1.034811954,,,,,,,,
200,rho__06h_WT_ATC,0.4802180425,0.23094090078725826,2.0,554.0,0.3169181655,555.0,0.6435179195,,,,,,,,
201,rho__09_DUC,3.30692149905,0.014663889565025047,2.0,556.0,3.2965525633,557.0,3.3172904348,,,,,,,,
202,rho__09h_DUC_ATC,2.7750742913,,1.0,558.0,2.7750742913,,,,,,,,,,
203,smx__0_days_12.5,0.18836078646666668,0.1325022537495583,3.0,559.0,0.041665859900000005,560.0,0.22406125600000001,561.0,0.29935524350000003,,,,,,
204,smx__0_days_control,0.0,0.04559025215873954,3.0,562.0,-0.0043202973,563.0,-0.0432763165,564.0,0.0475966138,,,,,,
205,smx__1_days_12.5,0.4713820633666667,0.017511611685716983,3.0,565.0,0.45331345980000004,566.0,0.47255502190000004,567.0,0.4882777084,,,,,,
206,smx__1_days_control,0.12857808383333333,0.1099768246840533,3.0,568.0,0.1963107762,569.0,0.1877392269,570.0,0.0016842484,,,,,,
207,sq109__0_days_3,0.07898873120000002,0.8857686504964897,4.0,571.0,0.8037415453000001,572.0,-0.6656342661,573.0,-0.7091459877,574.0,0.8869936333,,,,
208,sq109__0_days_control,-2.7755575615628914e-17,1.0842514400650682,4.0,575.0,1.0036310001,576.0,-0.9820614815,577.0,-0.8925021165,578.0,0.8709325979,,,,
209,sq109__1_days_3,0.04871849622499999,0.9050899715170754,4.0,579.0,0.8375424903,580.0,-0.7630931830000001,581.0,-0.7066050634000001,582.0,0.827029741,,,,
210,sq109__1_days_control,0.04999506679999999,0.949436458847603,4.0,583.0,0.8628308832,584.0,-0.803371892,585.0,0.8809795013,586.0,-0.7404582253,,,,
211,stress__.1_butyrate,-0.5637597508000001,0.10344158802853576,3.0,587.0,-0.6285115243,588.0,-0.44446109370000003,589.0,-0.6183066344,,,,,,
212,stress__.4_gluc,0.0,0.19972125292083864,3.0,590.0,0.0587190936,591.0,0.1637793408,592.0,-0.2224984344,,,,,,
213,stress__1_days_low_iron,0.01967497556666667,0.1360130271497075,3.0,593.0,-0.115572724,594.0,0.1564406244,595.0,0.0181570263,,,,,,
214,stress__7_days_low_iron,-0.09118136250000002,0.10731026715423056,3.0,596.0,-0.0174502225,597.0,-0.21429241170000002,598.0,-0.0418014533,,,,,,
215,stress__gluc_butyrate,0.20308246403333333,0.031215241298607775,3.0,599.0,0.2212850141,600.0,0.1670388122,601.0,0.2209235658,,,,,,
216,stress__high_iron,0.8766249257000002,0.10637306630873236,3.0,602.0,0.9865889209,603.0,0.8690366941000001,604.0,0.7742491621,,,,,,
217,stress__tolox_ph_7,1.0300207279,0.05451177633358172,2.0,605.0,0.9914750812,606.0,1.0685663746,,,,,,,,
218,sutez__0_days_5.6,0.17106261507499998,0.07013023889657037,4.0,607.0,0.0978239801,608.0,0.1341678752,609.0,0.2574737726,610.0,0.1947848324,,,,
219,sutez__0_days_control,2.4999998599062323e-11,0.060005759821327505,4.0,611.0,-0.0221428866,612.0,-0.052689731000000004,613.0,-0.0112437267,614.0,0.0860763444,,,,
220,sutez__1_days_5.6,-0.26231118395,0.15033625256940528,2.0,615.0,-0.3686149676,616.0,-0.15600740030000002,,,,,,,,
221,sutez__1_days_control,-0.23285953385,0.06865365565788051,4.0,617.0,-0.2583451075,618.0,-0.3056926305,619.0,-0.1427580541,620.0,-0.22464234330000002,,,,
222,thrB__0_days_starve,0.0,0.5464695166005733,2.0,621.0,-0.3864123009,622.0,0.3864123009,,,,,,,,
223,tss__expression_library,-0.29355024455,0.34476304122118906,2.0,623.0,-0.5373345289,624.0,-0.0497659602,,,,,,,,
224,tss__mapping_triphosphate,-0.8793737716000001,0.576616836874081,2.0,625.0,-1.2871034471,626.0,-0.4716440961,,,,,,,,
225,tss__mapping_wo_triphosphate,-0.6613848092,0.678668056604871,2.0,627.0,-0.18149402420000002,628.0,-1.1412755942,,,,,,,,
226,tss__wt_experiment_2,2.3129646346357427e-18,0.07849454957421838,3.0,629.0,0.0280227561,630.0,-0.0886601434,631.0,0.060637387300000005,,,,,,
227,vera__0_days_176,-0.2486129535,0.11749904446976718,4.0,632.0,-0.08646173730000001,633.0,-0.3646235499,634.0,-0.2543321458,635.0,-0.289034381,,,,
228,vera__0_days_control,-6.938893903907228e-18,0.15460708030791104,4.0,636.0,0.1611691783,637.0,0.043998229300000004,638.0,0.0040743176,639.0,-0.2092417252,,,,
229,vera__1_days_176,-0.6088228743333334,0.10072152549826154,3.0,640.0,-0.6533015424,641.0,-0.4935187147,642.0,-0.6796483659,,,,,,
230,vera__1_days_control,-0.295394288825,0.1058033430163027,4.0,643.0,-0.26533461480000003,644.0,-0.2988842423,645.0,-0.4357899342,646.0,-0.181568364,,,,
