,condition,X_avg,X_std,n,rep1_idx,rep1_X,rep2_idx,rep2_X,rep3_idx,rep3_X,rep4_idx,rep4_X,rep5_idx,rep5_X,rep6_idx,rep6_X
0,AX__AX_10_MIC,0.13315125675,0.21509858298173198,2.0,0.0,0.2852489234,1.0,-0.0189464099,,,,,,,,
1,AX__AX_30_MIC,0.2562865937,0.2814836816668711,2.0,2.0,0.057247573600000004,3.0,0.45532561380000003,,,,,,,,
2,AX__QZ_10_MIC,0.26451645365,0.03211490308704738,2.0,4.0,0.2872251194,5.0,0.24180778790000002,,,,,,,,
3,AX__QZ_30_MIC,0.346071201,0.1978176267313969,2.0,6.0,0.4859493863,7.0,0.2061930157,,,,,,,,
4,AX__wt,0.0,0.06994067546207387,2.0,8.0,-0.049455525900000005,9.0,0.049455525900000005,,,,,,,,
5,ITM_04__00h_clinic_ctrl,-1.07413155955,0.11287826403823274,2.0,10.0,-1.1539485455,11.0,-0.9943145736000001,,,,,,,,
6,ITM_04__00h_h37rv_control,-2.3129646346357427e-18,0.16344545235387195,3.0,12.0,-0.17266949310000002,13.0,0.1523146716,14.0,0.020354821500000002,,,,,,
7,ITM_04__06h_clinic_delam,0.7979127125666667,0.08390444523490151,3.0,15.0,0.7010295008,16.0,0.8467883559,17.0,0.845920281,,,,,,
8,ITM_04__06h_clinic_DMSO,-1.114872219566667,0.10966203746801285,3.0,18.0,-1.1015396279,19.0,-1.0124860328,20.0,-1.230590998,,,,,,
9,ITM_04__06h_h37rv_delam,0.7216080736666667,0.12482571042127501,3.0,21.0,0.5926458022000001,22.0,0.8418387151000001,23.0,0.7303397037,,,,,,
10,ITM_04__06h_h37rv_DMSO,-0.5556032283666666,0.05122809286432614,3.0,24.0,-0.5596785439,25.0,-0.6046719435,26.0,-0.5024591977,,,,,,
11,ITM_04__24h_clinic_delam,1.251499363,0.158083059603696,3.0,27.0,1.3374580226,28.0,1.0690618482,29.0,1.3479782182,,,,,,
12,ITM_04__24h_clinic_DMSO,-1.4277030917,0.13958305478173805,3.0,30.0,-1.3014849443,31.0,-1.4040068451,32.0,-1.5776174857,,,,,,
13,ITM_04__24h_h37rv_delam,0.8158525549333334,0.2559199983384909,3.0,33.0,0.5514254652,34.0,1.0623192451,35.0,0.8338129545,,,,,,
14,ITM_04__24h_h37rv_DMSO,-1.36092243795,0.2525730787792899,2.0,36.0,-1.5395185747,37.0,-1.1823263012,,,,,,,,
15,JSF__DMSO,2.5000002068509275e-11,0.11101492461487884,4.0,38.0,-0.0484987422,39.0,0.052053711700000005,40.0,-0.1280805026,41.0,0.12452553320000001,,,,
16,JSF__JSF_2019,0.60427614075,0.1586441036084122,4.0,42.0,0.5878283777000001,43.0,0.8256227995000001,44.0,0.5530478011000001,45.0,0.4506055847,,,,
17,JSF__JSF_2026,0.545934420325,0.0424295128908297,4.0,46.0,0.5474804203,47.0,0.5371737778,48.0,0.4980848364,49.0,0.6009986468,,,,
18,MTS1338__over_expression,0.0,0.0814846967007084,2.0,50.0,-0.057618381600000004,51.0,0.057618381600000004,,,,,,,,
19,PAS__control,1.850371707708594e-17,0.37176259364069814,3.0,52.0,-0.317419677,53.0,-0.0915719777,54.0,0.40899165470000004,,,,,,
20,PAS__treated,1.3392005774666667,0.39740253128446357,3.0,55.0,1.5443400032999999,56.0,0.8811493125000001,57.0,1.5921124166,,,,,,
21,THP-1__24h_THP_B_enriched,0.0,0.12360020866062474,2.0,58.0,-0.0873985457,59.0,0.0873985457,,,,,,,,
22,aminoimidazoles__02h_treated,0.4069535393,0.06450200622240577,2.0,60.0,0.45256334530000003,61.0,0.3613437333,,,,,,,,
23,aminoimidazoles__24h_treated,1.0462200398500001,0.11266593783235464,2.0,62.0,1.1258868885,63.0,0.9665531912,,,,,,,,
24,aminoimidazoles__00h_untreated,0.0,0.15222793356469083,3.0,64.0,-0.1735632799,65.0,0.1108686626,66.0,0.0626946173,,,,,,
25,antibiotic__ctrl_24h,0.20702223993333335,0.06956497441996319,3.0,67.0,0.28712218440000004,68.0,0.17219575680000002,69.0,0.1617487786,,,,,,
26,antibiotic__ctrl_4h,2.3129646346357427e-18,0.05877686763036227,3.0,70.0,0.0646161647,71.0,-0.014327993,72.0,-0.0502881717,,,,,,
27,antibiotic__izd_4h,-1.74855141405,0.15567859929907607,2.0,73.0,-1.6384700208,74.0,-1.8586328073,,,,,,,,
28,base__wt_glu_24,0.2843353382,0.3343547694520547,3.0,75.0,0.6315191061000001,76.0,0.2569990023,77.0,-0.0355120938,,,,,,
29,base__wt_glu_6,-3.1803263726241462e-18,0.14308892857031544,3.0,78.0,-0.142026069,79.0,0.1441286161,80.0,-0.0021025471000000002,,,,,,
30,base__wt_llac_24,0.4668417755666667,0.21216077954141307,3.0,81.0,0.5675364584,82.0,0.6099049613,83.0,0.22308390700000003,,,,,,
31,base__wt_llac_6,-0.40650097726666673,0.33596389704231727,3.0,84.0,-0.4009802208,85.0,-0.7451912307,86.0,-0.0733314803,,,,,,
32,base__wt_pyr_24,0.39958829916666666,0.201576733544699,3.0,87.0,0.39449062030000004,88.0,0.2006087541,89.0,0.6036655231,,,,,,
33,base__wt_pyr_6,-0.5540443230333333,0.24007836027260215,3.0,90.0,-0.8229627405000001,91.0,-0.4778927693,92.0,-0.3612774593,,,,,,
34,biofilm__biofilm,0.94678812395,0.008399682916395434,2.0,93.0,0.9527275967000001,94.0,0.9408486512,,,,,,,,
35,biofilm__planktonic,0.0,0.0967880010783611,2.0,95.0,0.0684394519,96.0,-0.0684394519,,,,,,,,
36,btz043__0_days_.006,0.22045909416666665,0.11066424946953805,3.0,97.0,0.2807191612,98.0,0.0927425895,99.0,0.2879155318,,,,,,
37,btz043__0_days_control,0.0,0.07485075297001699,3.0,100.0,0.0238625846,101.0,0.0600101284,102.0,-0.083872713,,,,,,
38,btz043__1_days_.006,0.658256789425,0.11363638110740155,4.0,103.0,0.8048345585000001,104.0,0.6872341218,105.0,0.5928974939,106.0,0.5480609835,,,,
39,btz043__1_days_control,0.367659405925,0.1017229456389102,4.0,107.0,0.4705457293,108.0,0.28180852970000003,109.0,0.4395829693,110.0,0.2787003954,,,,
40,clarithromycin__1_days_control,-2.8912057932946783e-19,0.0728497157278307,3.0,111.0,0.07395467260000001,112.0,-0.07169204330000001,113.0,-0.0022626293,,,,,,
41,cnpB__del,0.019093479299999997,0.126473406546026,3.0,114.0,0.056236248100000004,115.0,0.1228365814,116.0,-0.12179239160000001,,,,,,
42,cnpB__wt,-9.25185853854297e-18,0.30139450957248537,3.0,117.0,-0.09026609000000001,118.0,0.3362132318,119.0,-0.24594714180000002,,,,,,
43,csoR__ko,-0.17484758755000002,0.4069831103402731,2.0,120.0,0.11293292960000001,121.0,-0.46262810470000004,,,,,,,,
44,csoR__wt,0.0,0.24015578455497733,2.0,122.0,-0.1698157838,123.0,0.1698157838,,,,,,,,
45,dap__0_days_25,0.129490936875,0.05902772391461091,4.0,124.0,0.1177194704,125.0,0.1226180503,126.0,0.2098525624,127.0,0.0677736644,,,,
46,dap__0_days_control,-1.0408340855860843e-17,0.21826187098834846,4.0,128.0,0.0957109993,129.0,-0.25463875950000003,130.0,0.2472199877,131.0,-0.0882922275,,,,
47,dap__1_days_25,0.373542608975,0.13931296593893921,4.0,132.0,0.31668434640000004,133.0,0.4802430824,134.0,0.4941624452,135.0,0.2030805619,,,,
48,dap__1_days_control,0.26589490407500005,0.1384342073147693,4.0,136.0,0.0909972393,137.0,0.41767723240000004,138.0,0.2350387683,139.0,0.31986637630000003,,,,
49,degradosome__mutant_rnj,-0.5476811380666667,0.15158836214010526,3.0,140.0,-0.406281135,141.0,-0.5290303652,142.0,-0.707731914,,,,,,
50,degradosome__PNPase_ko,-0.5676398416,0.18306742973547802,3.0,143.0,-0.5797716311000001,144.0,-0.3788082537,145.0,-0.74433964,,,,,,
51,degradosome__Rnase_E_ko,-2.829853438766667,0.10946158858214823,3.0,146.0,-2.8881600835,147.0,-2.7035811648,148.0,-2.897819068,,,,,,
52,degradosome__wt_cas9_ctrl,-0.43000353956666676,0.26489605675142935,3.0,149.0,-0.5028060909000001,150.0,-0.136318836,151.0,-0.6508856918,,,,,,
53,degradosome__wt_expn,4.625929269271485e-18,0.11148685308838457,3.0,152.0,0.07127295980000001,153.0,-0.1284774316,154.0,0.057204471800000004,,,,,,
54,delam__0_days_.09,0.1752231269,0.14237904997631093,4.0,155.0,0.1563000936,156.0,0.2602845068,157.0,-0.0175875902,158.0,0.3018954974,,,,
55,delam__0_days_control,6.938893903907228e-18,0.198292381112859,4.0,159.0,-0.10805365460000001,160.0,0.1448697653,161.0,0.1872847387,162.0,-0.2241008494,,,,
56,delam__1_days_.09,-0.0560386076,0.08170844032181497,4.0,163.0,-0.0698066666,164.0,-0.15757584900000002,165.0,-0.0363450187,166.0,0.0395731039,,,,
57,delam__1_days_control,0.062421624575,0.05690106391399316,4.0,167.0,-0.0207347432,168.0,0.09527004400000001,169.0,0.1026379397,170.0,0.07251325780000001,,,,
58,dg_inh__both,-0.3249074091,0.045540151762881224,3.0,171.0,-0.2858916711,172.0,-0.3749477946,173.0,-0.3138827616,,,,,,
59,dg_inh__dg,-0.17707305063333334,0.1622104331023703,3.0,174.0,-0.3604448799,175.0,-0.052321991500000005,176.0,-0.1184522805,,,,,,
60,dg_inh__DMSO,9.25185853854297e-18,0.26539602298502707,3.0,177.0,0.0781405342,178.0,-0.2956937105,179.0,0.2175531763,,,,,,
61,dg_inh__inh,-0.10613592506666668,0.0877999569940481,3.0,180.0,-0.20703338200000002,181.0,-0.047107579100000005,182.0,-0.0642668141,,,,,,
62,dormancy__dormant_20d_rifampicin,0.9518236388,0.08404230741176649,3.0,183.0,0.8554966801,184.0,0.9897916679000001,185.0,1.0101825684,,,,,,
63,dormancy__dormant_no_treatment,0.0,0.3614126417098241,3.0,186.0,0.36371007850000003,187.0,-0.0046395442,188.0,-0.3590705343,,,,,,
64,eccE1__control,0.0,0.14289500848860237,2.0,189.0,0.1010420295,190.0,-0.1010420295,,,,,,,,
65,eccE1__delta_eccE1,0.0390505146,0.02871862940689662,2.0,191.0,0.0593576522,192.0,0.018743377000000002,,,,,,,,
66,eccE1__delta_eccE1_eccE1_HA_comp,0.21943869635000002,0.10440006617688544,2.0,193.0,0.2932606911,194.0,0.1456167016,,,,,,,,
67,eccE1__delta_eccE1_empty_vector,0.06295062000000001,0.16426875613480516,2.0,195.0,0.1791061714,196.0,-0.0532049314,,,,,,,,
68,eccE1__delta_eccE1_myc_p1_HA_comp,0.17597655265,0.07331942406633836,2.0,197.0,0.22782121460000002,198.0,0.12413189070000001,,,,,,,,
69,eccE1__delta_eccE1_mycP1_eccE1_comp,0.22804631835,0.18347413050161845,2.0,199.0,0.0983105165,200.0,0.3577821202,,,,,,,,
70,emb__0_days_2.45,0.023423818375000002,0.028549586108097873,4.0,201.0,0.0170255628,202.0,-0.009880353100000001,203.0,0.027353509800000002,204.0,0.059196554000000005,,,,
71,emb__0_days_control,2.5000002068509275e-11,0.11436799042135573,4.0,205.0,0.0069921686,206.0,-0.012486548,207.0,0.1424257731,208.0,-0.1369313936,,,,
72,emb__1_days_2.45,0.43085237762499995,0.12637484077167305,4.0,209.0,0.3347896252,210.0,0.3242698046,211.0,0.4739026631,212.0,0.5904474176,,,,
73,emb__1_days_control,0.374791242575,0.11546562623529018,4.0,213.0,0.4319914563,214.0,0.20468271130000001,215.0,0.45783498180000004,216.0,0.4046558209,,,,
74,espL__ko,0.05117356065,0.08411654439261879,2.0,217.0,-0.0083058183,218.0,0.1106529396,,,,,,,,
75,espL__wt,0.0,0.06037797633386949,2.0,219.0,0.0426936765,220.0,-0.0426936765,,,,,,,,
76,esx_1__ko,-0.21481135995,0.14149258048708332,2.0,221.0,-0.3148617231,222.0,-0.1147609968,,,,,,,,
77,esx_1__wt,3.333331758762862e-11,0.6350260629863351,3.0,223.0,-0.7310689125000001,224.0,0.3164245335,225.0,0.4146443791,,,,,,
78,genotoxic__control,0.0,0.119453698433301,2.0,226.0,-0.0844665202,227.0,0.0844665202,,,,,,,,
79,genotoxic__growth_supplement,0.47944083470000004,0.3932403768401169,2.0,228.0,0.7575037718000001,229.0,0.2013778976,,,,,,,,
80,growth__tss_expnt,1.2804852302666665,0.22217264936897999,3.0,230.0,1.449328279,231.0,1.0287923551,232.0,1.3633350567,,,,,,
81,growth__tss_starved,2.2707925834,0.09306316946681298,3.0,233.0,2.16462734,234.0,2.3094717565,235.0,2.3382786536999998,,,,,,
82,growth__wt_expn,0.0,0.12062831465974239,3.0,236.0,0.08569014800000001,237.0,-0.1379454904,238.0,0.0522553424,,,,,,
83,hs2__treated,0.0295555587,0.07919669072229507,3.0,239.0,0.0968003347,240.0,-0.0577391769,241.0,0.049605518300000005,,,,,,
84,hs2__untreated,0.0,0.3021288100452031,3.0,242.0,-0.043501216700000005,243.0,-0.2780202224,244.0,0.32152143910000003,,,,,,
85,hypoxia__000h_.81_DO,-4.625929269271485e-18,0.09787020040260276,3.0,245.0,-0.1108654985,246.0,0.0364536276,247.0,0.0744118709,,,,,,
86,hypoxia__017h_.57_DO,-0.23453615646666667,0.30296318354925894,3.0,248.0,-0.20933772320000002,249.0,0.05504085,250.0,-0.5493115962,,,,,,
87,hypoxia__023h_.42_DO,0.012060875899999999,0.0597307151108446,2.0,251.0,-0.0301751178,252.0,0.0542968696,,,,,,,,
88,hypoxia__040h_.11_DO,-0.05200109544999998,0.6639479773651642,2.0,253.0,0.4174810217,254.0,-0.5214832126,,,,,,,,
89,hypoxia__041h_.09_DO,-0.09991110606666669,0.2407793901506723,3.0,255.0,-0.10934261320000001,256.0,-0.33583616310000003,257.0,0.1454454581,,,,,,
90,hypoxia__042h_.07_DO,-0.2307907422,0.14644076079463003,2.0,258.0,-0.1272414872,259.0,-0.3343399972,,,,,,,,
91,hypoxia__043h_.06_DO,-0.3274483998666667,0.10930291281622052,3.0,260.0,-0.39156440740000004,261.0,-0.2012416843,262.0,-0.3895391079,,,,,,
92,hypoxia__044h_.04_DO,-0.08612649323333334,0.24148088365405226,3.0,263.0,0.1626696092,264.0,-0.10149064270000001,265.0,-0.3195584462,,,,,,
93,hypoxia__047h_0_DO,-0.31407114633333333,0.1705282392704863,3.0,266.0,-0.4032004869,267.0,-0.42156518470000004,268.0,-0.1174477674,,,,,,
94,hypoxia__049h_0_DO,-0.08990148129999999,0.15194880920038115,3.0,269.0,0.05972525100000001,270.0,-0.0853591838,271.0,-0.2440705111,,,,,,
95,hypoxia__050h_0_DO,-0.3281366262,0.7086902948288647,3.0,272.0,-1.1073404535,273.0,-0.1550363999,274.0,0.2779669748,,,,,,
96,hypoxia__052h_0_DO,0.6661006257333334,0.08571283666168684,3.0,275.0,0.7101084476,276.0,0.7208702394000001,277.0,0.5673231902,,,,,,
97,hypoxia__054h_0_DO,0.19105078390000002,0.18868149883563085,5.0,278.0,0.1140947637,279.0,0.09772361980000001,280.0,0.10539052680000001,281.0,0.5284018746,282.0,0.1096431346,,
98,hypoxia__070h_0_DO,0.24650480300000002,0.18497090804379396,2.0,283.0,0.11571061960000001,284.0,0.37729898640000004,,,,,,,,
99,hypoxia__088h_0_DO,-0.0011936471500000045,0.17639713628639853,2.0,285.0,0.12353796410000001,286.0,-0.12592525840000002,,,,,,,,
100,hypoxia__114.5h_.04_DO,0.4976927612666667,0.16218768443226347,3.0,287.0,0.3437377655,288.0,0.6670187266000001,289.0,0.4823217917,,,,,,
101,hypoxia__115h_.06_DO,0.04274769963333334,0.09966846513087052,3.0,290.0,0.11638006490000001,291.0,-0.0706681503,292.0,0.0825311843,,,,,,
102,hypoxia__116h_.11_DO,-0.0244320259,0.08733728786214312,3.0,293.0,0.0657215277,294.0,-0.1086502696,295.0,-0.030367335800000003,,,,,,
103,hypoxia__120h_.47_DO,-0.7787751033666668,0.12390645440395508,3.0,296.0,-0.8397981017,297.0,-0.6361924005,298.0,-0.8603348079,,,,,,
104,kinase__DMSO_0h_F,-0.3255143718,0.1843944860414999,3.0,299.0,-0.2576753484,300.0,-0.5342186845,301.0,-0.1846490825,,,,,,
105,kinase__DMSO_0h_H,0.20082765456666665,0.21318684049432696,6.0,302.0,0.0011556604000000001,303.0,0.2074132271,304.0,0.3282925292,305.0,0.4299363901,306.0,-0.11029415620000001,307.0,0.3484622768
106,kinase__DMSO_0h_I,0.0,0.4853064628990924,6.0,308.0,0.11070959970000001,309.0,-0.8411070008,310.0,0.1953604254,311.0,-0.28395240580000003,312.0,0.366322105,313.0,0.4526672765
107,kinase__pknD_T10_48h,-0.5231662979,0.037967748525299966,3.0,314.0,-0.5503731015000001,315.0,-0.4797905548,316.0,-0.5393352374,,,,,,
108,kinase__pknL_T10_48h,-0.8159809042999999,0.09742250620882381,3.0,317.0,-0.8268190821,318.0,-0.9075311154000001,319.0,-0.7135925154,,,,,,
109,kinase__pknL_T4_48h,1.2585492396333333,0.09321255041913964,3.0,320.0,1.28380641,321.0,1.1553108533,322.0,1.3365304556,,,,,,
110,kinase__T10_12h_F,-0.05470859653333333,0.14305640313984253,3.0,323.0,-0.2154066996,324.0,-0.0074839202,325.0,0.0587648302,,,,,,
111,kinase__T10_12h_H,-0.14500137843333336,0.18447385577721237,3.0,326.0,-0.3555936476,327.0,-0.0119784411,328.0,-0.0674320466,,,,,,
112,kinase__T10_12h_I,-0.8745063741,0.4557609653512556,2.0,329.0,-1.1967780433,330.0,-0.5522347049,,,,,,,,
113,kinase__T10_24h_F,-0.06379483133333334,0.1152520463335257,3.0,331.0,-0.0954316364,332.0,0.0639716333,333.0,-0.1599244909,,,,,,
114,kinase__T10_24h_H,-0.3977357801666667,0.16137302620483535,3.0,334.0,-0.5735774017,335.0,-0.25641977590000004,336.0,-0.3632101629,,,,,,
115,kinase__T10_24h_I,-0.47532189720000007,0.020559469215675197,2.0,337.0,-0.46078415710000004,338.0,-0.48985963730000004,,,,,,,,
116,kinase__T10_48h_F,-0.015956133499999997,0.22526126585634976,3.0,339.0,0.2441162544,340.0,-0.1497874143,341.0,-0.1421972406,,,,,,
117,kinase__T10_48h_H,-0.4135376960333334,0.29807685542972023,3.0,342.0,-0.7074658339000001,343.0,-0.4216687562,344.0,-0.11147849800000001,,,,,,
118,kinase__T10_48h_I,-0.731030924,0.1612604177705693,3.0,345.0,-0.9088385133,346.0,-0.5942390491,347.0,-0.6900152096000001,,,,,,
119,kinase__T4 _48h_H,0.8151171092,0.07783350751424178,3.0,348.0,0.8529258636,349.0,0.8668238392000001,350.0,0.7256016248,,,,,,
120,kinase__T4 20 _12h_I,0.5241861784666667,0.10163566977131565,3.0,351.0,0.406944014,352.0,0.5873366672,353.0,0.5782778542,,,,,,
121,kinase__T4_12h_F,0.4711066313666667,0.03400296782712719,3.0,354.0,0.48740346830000003,355.0,0.43202260800000003,356.0,0.4938938178,,,,,,
122,kinase__T4_12h_H,0.2455374581666667,0.14134687549167865,3.0,357.0,0.3661960878,358.0,0.2803924936,359.0,0.0900237931,,,,,,
123,kinase__T4_24h_F,0.7933920416666668,0.10503103880293034,3.0,360.0,0.8545036364,361.0,0.6721138719,362.0,0.8535586167,,,,,,
124,kinase__T4_24h_H,0.5427731484333334,0.12330647289958306,3.0,363.0,0.4537756008,364.0,0.4910219163,365.0,0.6835219282,,,,,,
125,kinase__T4_24h_I,0.9489402099,0.02624436265320465,2.0,366.0,0.9674977767,367.0,0.9303826431000001,,,,,,,,
126,kinase__T4_48h_F,1.2988050338666668,0.17733656532183562,3.0,368.0,1.4582103273,369.0,1.1077887684,370.0,1.3304160059,,,,,,
127,kinase__T4_48h_I,1.1290689745,0.03828769307794056,3.0,371.0,1.1639078105,372.0,1.1352215541,373.0,1.0880775589,,,,,,
128,kinase__WT_T10_48h,-0.11179101152,1.0952842325078747,5.0,374.0,-0.6601517210000001,375.0,1.1509268115,376.0,0.9660249168,377.0,-0.7472963068,378.0,-1.2684587581,,
129,kinase__WT_T4_48h,0.9157367443666667,0.10232525713037416,3.0,379.0,0.8629086926,380.0,1.0336786674,381.0,0.8506228731000001,,,,,,
130,levofloxacin__control,0.0,0.3717575378719511,3.0,382.0,-0.0915673239,383.0,-0.317417709,384.0,0.4089850329,,,,,,
131,levofloxacin__treated,-0.07088157016666667,0.12402373901146979,3.0,385.0,0.0703055897,386.0,-0.1622483842,387.0,-0.120701916,,,,,,
132,linez__0_days_4,0.066199223375,0.19845819942377718,4.0,388.0,-0.1714945219,389.0,0.0269274641,390.0,0.30899266010000004,391.0,0.1003712912,,,,
133,linez__0_days_control,-2.4999996864338847e-11,0.13199783561654654,4.0,392.0,-0.1090888483,393.0,0.16440954160000001,394.0,-0.10450181360000001,395.0,0.049181120200000004,,,,
134,linez__1_days_4,-0.080050587575,0.015963503373885243,4.0,396.0,-0.0613882589,397.0,-0.0802448864,398.0,-0.0782020488,399.0,-0.1003671562,,,,
135,linez__1_days_control,-0.28167768276666666,0.2401439026154298,3.0,400.0,-0.3331115357,401.0,-0.0199840349,402.0,-0.4919374777,,,,,,
136,lipid__dextrose_exp,0.0,0.05851924504325094,2.0,403.0,-0.041379355,404.0,0.041379355,,,,,,,,
137,lipid__dextrose_hypo,1.0976574276,0.6096227881970719,2.0,405.0,1.5287258351,406.0,0.6665890201,,,,,,,,
138,lipid__dextrose_stat,0.4509954451,0.03723838916636451,2.0,407.0,0.4773269626,408.0,0.4246639276,,,,,,,,
139,lipid__lipid_exp,0.46572029385,0.15602250039926346,2.0,409.0,0.3553957258,410.0,0.5760448619,,,,,,,,
140,lipid__lipid_stat,-1.0751372759,0.13173374316067465,2.0,411.0,-0.9819874528,412.0,-1.168287099,,,,,,,,
141,mcr11__mcr11_mutant,0.2741509457333334,0.14218217445523065,3.0,413.0,0.3723120963,414.0,0.3390399371,415.0,0.11110080380000001,,,,,,
142,mcr11__wt,-9.25185853854297e-18,0.25964508684834836,3.0,416.0,0.299586949,417.0,-0.1397278838,418.0,-0.1598590652,,,,,,
143,miceAV_macro__24h_control,0.0,0.026465683148062413,3.0,419.0,-0.0045885449,420.0,0.028459924100000002,421.0,-0.0238713792,,,,,,
144,miceBMDM__inf02,-0.6638296157333333,0.11836805176681518,3.0,422.0,-0.7652484026,423.0,-0.5337686758,424.0,-0.6924717688,,,,,,
145,miceBMDM__inf24,-0.0692063621,0.1039456253475598,3.0,425.0,-0.0412965059,426.0,0.0179350647,427.0,-0.1842576451,,,,,,
146,miceBMDM__inf08,-0.2950397763666667,0.008645467385527378,3.0,428.0,-0.3019586191,429.0,-0.2978126353,430.0,-0.2853480747,,,,,,
147,miceBMDM__no_inf02,0.0,0.19144157222028796,3.0,431.0,-0.2071653038,432.0,0.1703791956,433.0,0.0367861082,,,,,,
148,miceBMDM__no_inf24,0.792976976,0.02643529071986433,3.0,434.0,0.8213952296,435.0,0.7691176294000001,436.0,0.788418069,,,,,,
149,miceBMDM__no_inf08,0.21430630793333336,0.1850138702099497,3.0,437.0,0.3185558962,438.0,0.0006911126,439.0,0.32367191500000003,,,,,,
150,miceNF__control,0.0,0.3408659520921951,2.0,440.0,-0.2410286262,441.0,0.2410286262,,,,,,,,
151,miceNF__invivo,2.1959777116666666,0.23138400558022781,3.0,442.0,2.2628651541,443.0,1.9385181192,444.0,2.3865498617,,,,,,
152,mihF__mihF_mutant_atc,-0.5105339325,0.11442321124997762,2.0,445.0,-0.5914433611000001,446.0,-0.4296245039,,,,,,,,
153,mihF__mihF_mutant_no_atc,-0.28503241195,0.47127247442149095,2.0,447.0,-0.6182723744,448.0,0.0482075505,,,,,,,,
154,mihF__wt_atc,-0.1314301215,0.13913862321459486,2.0,449.0,-0.0330442575,450.0,-0.22981598550000001,,,,,,,,
155,mihF__wt_no_atc,0.0,0.21859409259323992,2.0,451.0,0.1545693652,452.0,-0.1545693652,,,,,,,,
156,mmpl3__mutant_no_ATC,0.0,0.34195651043573977,2.0,453.0,-0.2417997674,454.0,0.2417997674,,,,,,,,
157,mmpl3__mutant_with_ATC,0.8646401650000001,0.39807485996339237,2.0,455.0,1.1461215979000001,456.0,0.5831587321,,,,,,,,
158,mrsI__ko_iron_atc,0.28143942115000004,0.3103955297694939,2.0,457.0,0.5009222051000001,458.0,0.061956637200000005,,,,,,,,
159,mrsI__ko_iron_no_atc,-2.2595006846,0.45884483975045287,2.0,459.0,-2.5839529823,460.0,-1.9350483869000001,,,,,,,,
160,mrsI__ko_ox_atc,-2.39907702495,0.11099746649055803,2.0,461.0,-2.3205899637,462.0,-2.4775640862,,,,,,,,
161,mrsI__ko_ox_no_atc,-0.6573085669500001,0.2481245269004329,2.0,463.0,-0.4818580314,464.0,-0.8327591025000001,,,,,,,,
162,mrsI__ko_sds_atc,-0.75545039945,0.13938167582641053,2.0,465.0,-0.8540081276,466.0,-0.6568926713000001,,,,,,,,
163,mrsI__ko_sds_no_atc,0.27086470665,0.23804606861151445,2.0,467.0,0.43918869600000005,468.0,0.1025407173,,,,,,,,
164,mrsI__wt_iron_atc,0.02498824514999999,0.325923153449719,2.0,469.0,-0.20547422680000002,470.0,0.2554507171,,,,,,,,
165,mrsI__wt_iron_no_atc,-2.1640405816,0.6500280392286875,2.0,471.0,-2.6236798161,472.0,-1.7044013471000001,,,,,,,,
166,mrsI__wt_ox_atc,-2.2764906556,0.449717413353594,2.0,473.0,-2.5944888882,474.0,-1.958492423,,,,,,,,
167,mrsI__wt_ox_noatc,-0.5805420197,0.008821333306312119,2.0,475.0,-0.5867796443000001,476.0,-0.5743043951,,,,,,,,
168,mrsI__wt_sds_atc,-0.60946621965,0.17804989260424758,2.0,477.0,-0.7353665061,478.0,-0.4835659332,,,,,,,,
169,mrsI__wt_sds_no_atc,0.0,0.2731806297711616,2.0,479.0,-0.1931678758,480.0,0.1931678758,,,,,,,,
170,nitrate__control,0.0,0.2745850917653367,2.0,481.0,0.19416098040000002,482.0,-0.19416098040000002,,,,,,,,
171,p218__0_days_.1,0.20876306875,0.16105593292804896,4.0,483.0,0.2539731577,484.0,-0.0204781429,485.0,0.3568492475,486.0,0.2447080127,,,,
172,p218__0_days_control,-1.0842021724855044e-18,0.045609514598054,4.0,487.0,-0.060953672300000004,488.0,0.0036912863000000003,489.0,0.0495144073,490.0,0.007747978700000001,,,,
173,p218__1_days_.1,0.33240440987500003,0.049244984208163305,4.0,491.0,0.38347660110000004,492.0,0.2655488077,493.0,0.3463213589,494.0,0.33427087180000004,,,,
174,p218__1_days_control,0.11709758780000001,0.12296840106748644,4.0,495.0,0.1519864321,496.0,-0.0087582696,497.0,0.2725111993,498.0,0.0526509894,,,,
175,patH-Cap__post_path_ctrl,-1.7094045280999999,0.24272856217273298,2.0,499.0,-1.5377695158,500.0,-1.8810395404,,,,,,,,
176,patH-Cap__post_path_inh,-0.7043459497,0.8313843359181522,2.0,501.0,-1.2922234514,502.0,-0.116468448,,,,,,,,
177,patH-Cap__pre_path_ctrl,0.0,0.30368511066979614,2.0,503.0,-0.21473780110000001,504.0,0.21473780110000001,,,,,,,,
178,patH-Cap__pre_path_inh,0.1888817238,0.2017672365701169,2.0,505.0,0.331552705,506.0,0.0462107426,,,,,,,,
179,ppxx__double_mutant,0.0,0.10635374203851677,2.0,507.0,-0.0752034522,508.0,0.0752034522,,,,,,,,
180,reactivation__day_1_reactivation,-2.5010824397,0.28683794389392847,3.0,509.0,-2.7469019477,510.0,-2.1859343358,511.0,-2.5704110356000003,,,,,,
181,reactivation__day_2_reactivation,-2.1752477764666667,0.11963228033083238,3.0,512.0,-2.0601571467,513.0,-2.2989557145,514.0,-2.1666304682,,,,,,
182,reactivation__day_3_reactivation,-2.2039232287,0.18074896124908107,3.0,515.0,-2.3491946145,516.0,-2.2610656362,517.0,-2.0015094354,,,,,,
183,reactivation__day_4_reactivation,-1.9579226666333334,0.09729567405810348,3.0,518.0,-2.0001708945,519.0,-2.0269526631,520.0,-1.8466444423000001,,,,,,
184,reactivation__day_0_persistence,3.333333377838107e-11,0.10475576448472475,3.0,521.0,-0.0609219743,522.0,0.12096046220000001,523.0,-0.060038487800000005,,,,,,
185,redox__intra_basal,0.4434997531,0.7782642228045847,2.0,524.0,-0.1068161564,525.0,0.9938156626,,,,,,,,
186,redox__whib3_comp_4.5,2.34603547405,0.0885848792807358,2.0,526.0,2.4086744428999998,527.0,2.2833965052,,,,,,,,
187,redox__whib3_comp_6.6,0.7458262201500001,0.3362806418727693,2.0,528.0,0.5080398979,529.0,0.9836125424000001,,,,,,,,
188,redox__whib3_ko_4.5,2.1859820895,0.22281312524767707,2.0,530.0,2.3435347613,531.0,2.0284294177,,,,,,,,
189,redox__wt_4.5,0.4853964114,0.03314726604752565,2.0,532.0,0.508835068,533.0,0.4619577548,,,,,,,,
190,redox__wt_6.6,0.0,0.4260115554181464,2.0,534.0,0.3012356597,535.0,-0.3012356597,,,,,,,,
191,resus__day_1_run_1,0.0,0.011804627422739813,2.0,536.0,0.0083471321,537.0,-0.0083471321,,,,,,,,
192,resus__day_4_run_1,-0.24992488535000001,0.08873335742122802,2.0,538.0,-0.18718092660000002,539.0,-0.3126688441,,,,,,,,
193,rho__00h_DUC,0.0,0.2366012627106494,2.0,540.0,0.1673023573,541.0,-0.1673023573,,,,,,,,
194,rho__00h_DUC_1,-0.5272153914000001,0.33240684484114763,2.0,542.0,-0.7622625255000001,543.0,-0.2921682573,,,,,,,,
195,rho__01.5_DUC,-0.58121857365,0.21235435530406235,2.0,544.0,-0.431061369,545.0,-0.7313757783,,,,,,,,
196,rho__01.5h_DUC_ATC,0.10719292130000002,0.3167544797465466,2.0,546.0,-0.11678631930000001,547.0,0.33117216190000004,,,,,,,,
197,rho__03_DUC,-0.3125330451,0.11951683175515246,2.0,548.0,-0.3970442073,549.0,-0.2280218829,,,,,,,,
198,rho__03h_DUC_ATC,0.16987699965,0.18963078083481827,2.0,550.0,0.0357877886,551.0,0.3039662107,,,,,,,,
199,rho__06h_DUC_ATC,0.5326802406000001,0.44111296327352223,2.0,552.0,0.220766273,553.0,0.8445942082000001,,,,,,,,
200,rho__06h_WT_ATC,0.35603873945000003,0.3668997780146529,2.0,554.0,0.0966014184,555.0,0.6154760605,,,,,,,,
201,rho__09_DUC,-0.7555819270499999,0.29461285748162086,2.0,556.0,-0.9639046764,557.0,-0.5472591777,,,,,,,,
202,rho__09h_DUC_ATC,-0.1611220496,,1.0,558.0,-0.1611220496,,,,,,,,,,
203,smx__0_days_12.5,0.03507268876666667,0.09745898968661378,3.0,559.0,-0.0712942006,560.0,0.056431327,561.0,0.1200809399,,,,,,
204,smx__0_days_control,-4.625929269271485e-18,0.06717068394601845,3.0,562.0,-0.06413415780000001,563.0,-0.0057086823,564.0,0.0698428401,,,,,,
205,smx__1_days_12.5,0.2740145558666667,0.007592583743439397,3.0,565.0,0.2807788537,566.0,0.2754625761,567.0,0.2658022378,,,,,,
206,smx__1_days_control,0.2800152044,0.10041908129044973,3.0,568.0,0.3506443587,569.0,0.3243412815,570.0,0.165059973,,,,,,
207,sq109__0_days_3,-0.047324611,0.32024350683074065,4.0,571.0,-0.23743026820000002,572.0,0.2136110679,573.0,0.2342238426,574.0,-0.3997030863,,,,
208,sq109__0_days_control,2.5000002068509275e-11,0.40837696170489207,4.0,575.0,-0.3825545157,576.0,0.21013419600000002,577.0,0.470232625,578.0,-0.2978123052,,,,
209,sq109__1_days_3,-0.06727944392499999,0.4310528959562344,4.0,579.0,-0.4438896546,580.0,0.33690449710000003,581.0,0.27378558470000003,582.0,-0.4359182029,,,,
210,sq109__1_days_control,-0.02634462204999999,0.45049878871501015,4.0,583.0,-0.4275314343,584.0,0.4222579356,585.0,-0.4004296033,586.0,0.30032461380000003,,,,
211,stress__.1_butyrate,1.1980402312333334,0.21358809929600772,3.0,587.0,1.0232621573,588.0,1.1347330678,589.0,1.4361254686,,,,,,
212,stress__.4_gluc,-4.625929269271485e-18,0.13605825600816226,3.0,590.0,-0.1562518713,591.0,0.09229857,592.0,0.0639533013,,,,,,
213,stress__1_days_low_iron,-0.6261334036333333,0.5821311849716304,3.0,593.0,-0.0619952857,594.0,-1.2247271132,595.0,-0.591677812,,,,,,
214,stress__7_days_low_iron,1.6740814919666667,0.05475685346934802,3.0,596.0,1.6287737421,597.0,1.6585421888,598.0,1.734928545,,,,,,
215,stress__gluc_butyrate,0.9719172154666667,0.12187044199656913,3.0,599.0,0.8775757504,600.0,1.1095156573,601.0,0.9286602387,,,,,,
216,stress__high_iron,0.9060933334666667,0.26687476949276245,3.0,602.0,0.6065411854,603.0,1.1185074593,604.0,0.9932313557,,,,,,
217,stress__tolox_ph_7,1.9337137256,0.1922819138742361,2.0,605.0,2.0696775708,606.0,1.7977498804,,,,,,,,
218,sutez__0_days_5.6,-0.12328082280000001,0.5536220902728698,4.0,607.0,-0.172217756,608.0,0.0243423049,609.0,0.49462242230000003,610.0,-0.8398702624000001,,,,
219,sutez__0_days_control,4.336808689942018e-19,0.053347990507039644,4.0,611.0,0.0783527447,612.0,-0.024059103300000002,613.0,-0.0403022658,614.0,-0.0139913756,,,,
220,sutez__1_days_5.6,1.4574634865,0.005887316330094395,2.0,615.0,1.4533005252,616.0,1.4616264478,,,,,,,,
221,sutez__1_days_control,-0.25472887625,0.18871992303579363,4.0,617.0,-0.43969637970000003,618.0,-0.39152465750000004,619.0,-0.0610313897,620.0,-0.1266630781,,,,
222,thrB__0_days_starve,0.0,0.1324052346703491,2.0,621.0,0.0936246393,622.0,-0.0936246393,,,,,,,,
223,tss__expression_library,-0.003347136700000003,0.13551928216442774,2.0,623.0,0.0924794667,624.0,-0.0991737401,,,,,,,,
224,tss__mapping_triphosphate,2.8077178303499997,0.6380768357119861,2.0,625.0,3.2589062878,626.0,2.3565293729,,,,,,,,
225,tss__mapping_wo_triphosphate,1.2998693490000002,0.9990084615150049,2.0,627.0,0.5934636914,628.0,2.0062750066,,,,,,,,
226,tss__wt_experiment_2,0.0,0.2686406896978607,3.0,629.0,0.011935734600000001,630.0,-0.2744096186,631.0,0.262473884,,,,,,
227,vera__0_days_176,0.042118548825,0.27900215924821975,4.0,632.0,0.392107694,633.0,-0.2908799508,634.0,0.0345904604,635.0,0.0326559917,,,,
228,vera__0_days_control,0.0,0.28809969943445496,4.0,636.0,0.0587798515,637.0,-0.1193884003,638.0,0.3690216723,639.0,-0.3084131235,,,,
229,vera__1_days_176,0.5732437954,0.20102523605832223,3.0,640.0,0.5991657441,641.0,0.7600506487,642.0,0.36051499340000004,,,,,,
230,vera__1_days_control,0.42464074527500006,0.10770528623953396,4.0,643.0,0.3748831295,644.0,0.4098656895,645.0,0.5794324470000001,646.0,0.33438171510000003,,,,
