,condition,X_avg,X_std,n,rep1_idx,rep1_X,rep2_idx,rep2_X,rep3_idx,rep3_X,rep4_idx,rep4_X,rep5_idx,rep5_X,rep6_idx,rep6_X
0,AX__AX_10_MIC,-0.10610943244999999,0.2423142714916163,2.0,0.0,-0.277451497,1.0,0.06523263210000001,,,,,,,,
1,AX__AX_30_MIC,0.16504705990000001,0.16471679907319756,2.0,2.0,0.0485746943,3.0,0.28151942550000003,,,,,,,,
2,AX__QZ_10_MIC,0.1606260035,0.06500738434846523,2.0,4.0,0.1146588412,5.0,0.2065931658,,,,,,,,
3,AX__QZ_30_MIC,-0.18235883265,0.10678772932044475,2.0,6.0,-0.1068485051,7.0,-0.2578691602,,,,,,,,
4,AX__wt,0.0,0.06603729216348854,2.0,8.0,-0.046695417100000004,9.0,0.046695417100000004,,,,,,,,
5,ITM_04__00h_clinic_ctrl,-0.07627899905,0.012164945491776661,2.0,10.0,-0.0848809145,11.0,-0.06767708360000001,,,,,,,,
6,ITM_04__00h_h37rv_control,0.0,0.16655997928361096,3.0,12.0,-0.0204279571,13.0,-0.1554038062,14.0,0.1758317633,,,,,,
7,ITM_04__06h_clinic_delam,-0.8761479820666667,0.11433575572203682,3.0,15.0,-0.7441250331,16.0,-0.9418119711,17.0,-0.9425069420000001,,,,,,
8,ITM_04__06h_clinic_DMSO,-0.07646554843333332,0.047013902783549506,3.0,18.0,-0.056749497100000004,19.0,-0.1301272845,20.0,-0.0425198637,,,,,,
9,ITM_04__06h_h37rv_delam,-0.5144576024333334,0.014523665605014361,3.0,21.0,-0.5311739590000001,22.0,-0.5049334782,23.0,-0.5072653701000001,,,,,,
10,ITM_04__06h_h37rv_DMSO,0.07568678853333334,0.042061133305587826,3.0,24.0,0.027585772,25.0,0.10555606740000001,26.0,0.0939185262,,,,,,
11,ITM_04__24h_clinic_delam,-0.8346070795333334,0.0732130503718093,3.0,27.0,-0.9130669889,28.0,-0.7681157472,29.0,-0.8226385025,,,,,,
12,ITM_04__24h_clinic_DMSO,-0.28243093943333336,0.044741183902984115,3.0,30.0,-0.26496370280000003,31.0,-0.24905820110000002,32.0,-0.3332709144,,,,,,
13,ITM_04__24h_h37rv_delam,-0.6169012666333333,0.040793006301054494,3.0,33.0,-0.6433294027,34.0,-0.5699198389,35.0,-0.6374545583,,,,,,
14,ITM_04__24h_h37rv_DMSO,-0.18671054160000003,0.10314829066921076,2.0,36.0,-0.25964739740000004,37.0,-0.11377368580000001,,,,,,,,
15,JSF__DMSO,3.469446951953614e-18,0.17010930773765426,4.0,38.0,-0.2127224355,39.0,-0.057056643600000005,40.0,0.1658318959,41.0,0.1039471832,,,,
16,JSF__JSF_2019,-0.26342642205,0.30767637966733946,4.0,42.0,-0.4014580049,43.0,0.1483825509,44.0,-0.23020061730000002,45.0,-0.5704296169,,,,
17,JSF__JSF_2026,0.075644186175,0.20133855063261674,4.0,46.0,-0.172743068,47.0,0.18834874340000002,48.0,0.2813408819,49.0,0.0056301874,,,,
18,MTS1338__over_expression,0.0,0.17678891056628188,2.0,50.0,-0.1250086375,51.0,0.1250086375,,,,,,,,
19,PAS__control,9.25185853854297e-18,0.21728562143706018,3.0,52.0,-0.173521069,53.0,-0.0701817168,54.0,0.24370278580000002,,,,,,
20,PAS__treated,1.0559094216,0.28617704338954897,3.0,55.0,0.9717454136,56.0,0.8212521711,57.0,1.3747306800999999,,,,,,
21,THP-1__24h_THP_B_enriched,0.0,0.33840860880794005,2.0,58.0,0.2392910221,59.0,-0.2392910221,,,,,,,,
22,aminoimidazoles__02h_treated,0.034322549800000005,0.006965671283387923,2.0,60.0,0.0293970764,61.0,0.0392480232,,,,,,,,
23,aminoimidazoles__24h_treated,-0.45925626875000003,0.0942598491816982,2.0,62.0,-0.5259080473000001,63.0,-0.3926044902,,,,,,,,
24,aminoimidazoles__00h_untreated,0.0,0.05909680845724634,3.0,64.0,-0.033238791000000004,65.0,0.06823160190000001,66.0,-0.034992810900000004,,,,,,
25,antibiotic__ctrl_24h,0.15291352006666667,0.40060445794594324,3.0,67.0,0.4370592546,68.0,-0.3052761498,69.0,0.3269574554,,,,,,
26,antibiotic__ctrl_4h,-4.625929269271485e-18,0.10592501269258228,3.0,70.0,0.0762569867,71.0,0.0446891515,72.0,-0.12094613820000001,,,,,,
27,antibiotic__izd_4h,-0.65965962775,0.12980599478338903,2.0,73.0,-0.7514463269,74.0,-0.5678729286,,,,,,,,
28,base__wt_glu_24,-0.5737784898666667,0.3752686812815045,3.0,75.0,-0.3649094496,76.0,-0.34941690880000004,77.0,-1.0070091112,,,,,,
29,base__wt_glu_6,0.0,0.027840783045716955,3.0,78.0,0.0178611335,79.0,-0.0320788741,80.0,0.0142177406,,,,,,
30,base__wt_llac_24,0.3751072928666667,0.3432070423448697,3.0,81.0,0.6004862709000001,82.0,0.5447196124,83.0,-0.0198840047,,,,,,
31,base__wt_llac_6,-0.33245500283333335,0.26318126257847346,3.0,84.0,-0.11766038520000001,85.0,-0.626029193,86.0,-0.2536754303,,,,,,
32,base__wt_pyr_24,-0.5084461690333334,0.15739583871702895,3.0,87.0,-0.3748658671,88.0,-0.46850920420000003,89.0,-0.6819634358000001,,,,,,
33,base__wt_pyr_6,-0.13860707633333333,0.14204544740475974,3.0,90.0,-0.28950812730000003,91.0,-0.0074918067,92.0,-0.11882129500000001,,,,,,
34,biofilm__biofilm,0.4289672255,0.12387695667833101,2.0,93.0,0.3413729894,94.0,0.5165614616,,,,,,,,
35,biofilm__planktonic,0.0,0.02477985173695765,2.0,95.0,-0.0175220012,96.0,0.0175220012,,,,,,,,
36,btz043__0_days_.006,0.03632077103333334,0.08517871593996115,3.0,97.0,0.1229386529,98.0,-0.0473418631,99.0,0.0333655233,,,,,,
37,btz043__0_days_control,0.0,0.062183826025328084,3.0,100.0,-0.066956179,101.0,0.011017439700000001,102.0,0.055938739300000005,,,,,,
38,btz043__1_days_.006,-0.15637113810000003,0.09930450107751526,4.0,103.0,-0.2353980679,104.0,-0.1442947587,105.0,-0.0205438499,106.0,-0.2252478759,,,,
39,btz043__1_days_control,0.143246897175,0.19588985135450251,4.0,107.0,-0.15027466350000002,108.0,0.23239837500000002,109.0,0.2373065577,110.0,0.2535573195,,,,
40,clarithromycin__1_days_control,-3.333333146541643e-11,0.1042962017399899,3.0,111.0,-0.0645798608,112.0,-0.0557428981,113.0,0.1203227588,,,,,,
41,cnpB__del,-0.07348007863333333,0.3455981549626683,3.0,114.0,0.12307584640000001,115.0,0.1290116564,116.0,-0.47252773870000003,,,,,,
42,cnpB__wt,0.0,0.35959478744096074,3.0,117.0,0.32914295400000004,118.0,0.054647815100000004,119.0,-0.38379076910000004,,,,,,
43,csoR__ko,-0.27191439230000003,0.03416080023934516,2.0,120.0,-0.2960697258,121.0,-0.24775905880000001,,,,,,,,
44,csoR__wt,0.0,0.05206631781726211,2.0,122.0,0.0368164464,123.0,-0.0368164464,,,,,,,,
45,dap__0_days_25,0.09231167685,0.15602100847150618,4.0,124.0,-0.14013259620000001,125.0,0.19129278530000002,126.0,0.1711646699,127.0,0.1469218484,,,,
46,dap__0_days_control,-2.5000002827450796e-11,0.1697541468031627,4.0,128.0,-0.1684631447,129.0,0.2327321249,130.0,-0.0624667096,131.0,-0.0018022707000000002,,,,
47,dap__1_days_25,0.675146282475,0.01348987250947158,4.0,132.0,0.6845183530000001,133.0,0.6858253876,134.0,0.6735772355,135.0,0.6566641538,,,,
48,dap__1_days_control,0.34155650205000004,0.2722056262457469,4.0,136.0,0.38861730250000004,137.0,-0.051521156400000004,138.0,0.5679461607,139.0,0.46118370140000003,,,,
49,degradosome__mutant_rnj,0.04287827153333334,0.08970981334046146,3.0,140.0,0.0768393072,141.0,-0.0588538637,142.0,0.1106493711,,,,,,
50,degradosome__PNPase_ko,1.2458573094333334,0.12794534174947397,3.0,143.0,1.2607033182,144.0,1.3657320171,145.0,1.111136593,,,,,,
51,degradosome__Rnase_E_ko,-0.6641176934666667,0.3273651610920908,3.0,146.0,-0.3772292625,147.0,-0.5943971374,148.0,-1.0207266805,,,,,,
52,degradosome__wt_cas9_ctrl,-0.3916373854333333,0.09657070944124241,3.0,149.0,-0.40061290110000003,150.0,-0.48340700140000004,151.0,-0.2908922538,,,,,,
53,degradosome__wt_expn,9.25185853854297e-18,0.1618639006293427,3.0,152.0,0.055342072900000004,153.0,0.12693447300000002,154.0,-0.1822765459,,,,,,
54,delam__0_days_.09,0.1559269898,0.21048243125488697,4.0,155.0,0.2495948462,156.0,-0.14390491160000002,157.0,0.178436317,158.0,0.3395817076,,,,
55,delam__0_days_control,0.0,0.22504003322069488,4.0,159.0,-0.2405568324,160.0,0.192326141,161.0,0.191311362,162.0,-0.14308067060000002,,,,
56,delam__1_days_.09,0.08376910424999998,0.2790981675745138,4.0,163.0,0.1755568139,164.0,0.36477939,165.0,-0.29859726880000004,166.0,0.0933374819,,,,
57,delam__1_days_control,0.020719443725000005,0.1162412575314547,4.0,167.0,-0.1192587806,168.0,-0.026145805,169.0,0.0887384902,170.0,0.1395438703,,,,
58,dg_inh__both,-0.7825409635333335,0.11684879446218985,3.0,171.0,-0.8181963966,172.0,-0.6520182678,173.0,-0.8774082262,,,,,,
59,dg_inh__dg,-0.5350694734666668,0.09596312687449025,3.0,174.0,-0.5464426289000001,175.0,-0.6248392220000001,176.0,-0.4339265695,,,,,,
60,dg_inh__DMSO,0.0,0.07397410184886816,3.0,177.0,-0.014010915300000001,178.0,0.0799776334,179.0,-0.0659667181,,,,,,
61,dg_inh__inh,-0.6345036893333333,0.12152423952208208,3.0,180.0,-0.5410497339,181.0,-0.7718833529,182.0,-0.5905779812,,,,,,
62,dormancy__dormant_20d_rifampicin,1.850918677,0.1298705710457388,3.0,183.0,1.9928081519,184.0,1.7379394548,185.0,1.8220084242999999,,,,,,
63,dormancy__dormant_no_treatment,0.0,0.22331574870835788,3.0,186.0,0.10014027090000001,187.0,0.15571827100000002,188.0,-0.2558585419,,,,,,
64,eccE1__control,0.0,0.04134264537945031,2.0,189.0,-0.0292336649,190.0,0.0292336649,,,,,,,,
65,eccE1__delta_eccE1,0.1301021215,0.06604066817410464,2.0,191.0,0.08340431720000001,192.0,0.1767999258,,,,,,,,
66,eccE1__delta_eccE1_eccE1_HA_comp,-0.31041060755,0.13793243940658664,2.0,193.0,-0.4079435708,194.0,-0.2128776443,,,,,,,,
67,eccE1__delta_eccE1_empty_vector,-0.07534808344999999,0.009525612438191314,2.0,195.0,-0.0686124583,196.0,-0.0820837086,,,,,,,,
68,eccE1__delta_eccE1_myc_p1_HA_comp,-0.41966822314999996,0.020912689063999783,2.0,197.0,-0.4048807189,198.0,-0.4344557274,,,,,,,,
69,eccE1__delta_eccE1_mycP1_eccE1_comp,-0.13474093035,0.006516263841039878,2.0,199.0,-0.1393486247,200.0,-0.130133236,,,,,,,,
70,emb__0_days_2.45,-0.239923716475,0.20337861357556702,4.0,201.0,-0.1438082763,202.0,-0.0077043871000000005,203.0,-0.4633478568,204.0,-0.3448343457,,,,
71,emb__0_days_control,-2.5000002068509275e-11,0.1177893603710117,4.0,205.0,-0.0976490368,206.0,-0.0649095013,207.0,-0.0043413575,208.0,0.1668998955,,,,
72,emb__1_days_2.45,0.03942062307500001,0.1142364613410006,4.0,209.0,0.1105493756,210.0,0.15350552820000002,211.0,-0.0088962927,212.0,-0.0974761188,,,,
73,emb__1_days_control,0.29954661650000003,0.10487078523427364,4.0,213.0,0.2630111604,214.0,0.4082788644,215.0,0.3562650163,216.0,0.1706314249,,,,
74,espL__ko,-0.17449750930000002,0.026341045787660392,2.0,217.0,-0.1931234414,218.0,-0.1558715772,,,,,,,,
75,espL__wt,0.0,0.11093223242517013,2.0,219.0,0.0784409338,220.0,-0.0784409338,,,,,,,,
76,esx_1__ko,-0.14925403475,0.04190314339834207,2.0,221.0,-0.11962403790000001,222.0,-0.1788840316,,,,,,,,
77,esx_1__wt,-1.850371707708594e-17,0.3107786801689996,3.0,223.0,0.3102423714,224.0,0.0010698553,225.0,-0.3113122267,,,,,,
78,genotoxic__control,0.0,0.19730282273052288,2.0,226.0,-0.13951416390000002,227.0,0.13951416390000002,,,,,,,,
79,genotoxic__growth_supplement,0.14294313684999999,0.10172325660531854,2.0,228.0,0.2148723414,229.0,0.0710139323,,,,,,,,
80,growth__tss_expnt,-0.8668153154333335,0.41850946168768116,3.0,230.0,-1.2181109334,231.0,-0.9785587226,232.0,-0.4037762903,,,,,,
81,growth__tss_starved,-0.5438990830333333,0.13130664754252933,3.0,233.0,-0.6299808064,234.0,-0.6089502579,235.0,-0.39276618480000003,,,,,,
82,growth__wt_expn,-4.625929269271485e-18,0.29509364725236986,3.0,236.0,0.3087324106,237.0,-0.2792400802,238.0,-0.029492330400000002,,,,,,
83,hs2__treated,0.0979551886,0.2179218687571394,3.0,239.0,-0.11605989700000001,240.0,0.09034118790000001,241.0,0.3195842749,,,,,,
84,hs2__untreated,-3.700743415417188e-17,0.5434940444041175,3.0,242.0,-0.5109218345000001,243.0,-0.0601415789,244.0,0.5710634134,,,,,,
85,hypoxia__000h_.81_DO,3.33333360913457e-11,0.3078207832951675,3.0,245.0,-0.3533670873,246.0,0.1434809712,247.0,0.2098861162,,,,,,
86,hypoxia__017h_.57_DO,0.025436789999999987,0.4182035104513423,3.0,248.0,-0.0527445912,249.0,0.4772137172,250.0,-0.348158756,,,,,,
87,hypoxia__023h_.42_DO,-1.20972448515,0.3820501907741279,2.0,251.0,-0.9395742045000001,252.0,-1.4798747658,,,,,,,,
88,hypoxia__040h_.11_DO,-2.12557401885,0.06489595570416962,2.0,253.0,-2.0796856485,254.0,-2.1714623892000002,,,,,,,,
89,hypoxia__041h_.09_DO,-1.5403838946666666,0.25839458606810073,3.0,255.0,-1.6364604906,256.0,-1.2477137756,257.0,-1.7369774178,,,,,,
90,hypoxia__042h_.07_DO,-1.7719557088000002,0.18161910239992363,2.0,258.0,-1.6435316099000001,259.0,-1.9003798077,,,,,,,,
91,hypoxia__043h_.06_DO,-1.5983728464333333,0.2775147682735329,3.0,260.0,-1.6683117368,261.0,-1.2925789926,262.0,-1.8342278099,,,,,,
92,hypoxia__044h_.04_DO,-1.9182603000666667,0.3584423568966628,3.0,263.0,-1.9184057951,264.0,-2.2766298873,265.0,-1.5597452178,,,,,,
93,hypoxia__047h_0_DO,-1.9398453334,0.10309402826714513,3.0,266.0,-1.9125250610000002,267.0,-2.0538477872,268.0,-1.853163152,,,,,,
94,hypoxia__049h_0_DO,-1.8943247491333335,0.1536134597787849,3.0,269.0,-1.7878992164,270.0,-1.824646102,271.0,-2.070428929,,,,,,
95,hypoxia__050h_0_DO,-1.9320710325666666,0.2037439142843731,3.0,272.0,-1.7804705389,273.0,-2.1636742009,274.0,-1.8520683579,,,,,,
96,hypoxia__052h_0_DO,-1.5726822563333334,0.13223486594893513,3.0,275.0,-1.5400416397,276.0,-1.4598243839,277.0,-1.7181807454,,,,,,
97,hypoxia__054h_0_DO,-2.1341661384600004,0.4739556147252552,5.0,278.0,-2.4792355268,279.0,-2.1337550612,280.0,-2.6471294181,281.0,-1.4327989962,282.0,-1.97791169,,
98,hypoxia__070h_0_DO,-1.1195248794500001,0.01101735926917196,2.0,283.0,-1.1273153289,284.0,-1.11173443,,,,,,,,
99,hypoxia__088h_0_DO,-1.78894450645,0.027157555917900127,2.0,285.0,-1.7697412145,286.0,-1.8081477984,,,,,,,,
100,hypoxia__114.5h_.04_DO,-1.5535372697000003,0.13413146390524316,3.0,287.0,-1.4662528403000001,288.0,-1.4863764118,289.0,-1.707982557,,,,,,
101,hypoxia__115h_.06_DO,-1.6856362067666666,0.13590133142378688,3.0,290.0,-1.5399689626000002,291.0,-1.7079231933,292.0,-1.8090164644,,,,,,
102,hypoxia__116h_.11_DO,-1.3730363088,0.22429463080573092,3.0,293.0,-1.168155634,294.0,-1.3382687265,295.0,-1.6126845659,,,,,,
103,hypoxia__120h_.47_DO,-1.1311278503,0.14456209917121887,3.0,296.0,-1.2735444504,297.0,-1.1353273385,298.0,-0.984511762,,,,,,
104,kinase__DMSO_0h_F,0.9173396355333333,0.1449196444318346,3.0,299.0,0.8486905563,300.0,0.8195007109,301.0,1.0838276394,,,,,,
105,kinase__DMSO_0h_H,0.5474756363666667,0.1482201831591705,6.0,302.0,0.642343792,303.0,0.3466808816,304.0,0.4291362812,305.0,0.7182165727,306.0,0.6635087421,307.0,0.4849675486
106,kinase__DMSO_0h_I,-1.6666675562807914e-11,0.3994190088209184,6.0,308.0,0.0056116888,309.0,0.5086751852,310.0,-0.5368723393,311.0,-0.35498468250000004,312.0,0.35214073830000003,313.0,0.025429409400000002
107,kinase__pknD_T10_48h,0.7092823692,0.09761812437108623,3.0,314.0,0.5965664374,315.0,0.7648420591,316.0,0.7664386111,,,,,,
108,kinase__pknL_T10_48h,1.1405527671666666,0.05536667492204918,3.0,317.0,1.2043082032,318.0,1.1127862502,319.0,1.1045638481,,,,,,
109,kinase__pknL_T4_48h,1.0147892270666667,0.10352103405394508,3.0,320.0,0.8959888216,321.0,1.085654692,322.0,1.0627241676,,,,,,
110,kinase__T10_12h_F,0.8751049434333332,0.09947163437578094,3.0,323.0,0.9829591102,324.0,0.8553862666000001,325.0,0.7869694535,,,,,,
111,kinase__T10_12h_H,0.7613834556333333,0.15499535238094478,3.0,326.0,0.9268545399,327.0,0.7377076245,328.0,0.6195882025,,,,,,
112,kinase__T10_12h_I,0.9151806392499999,0.1435570959730617,2.0,329.0,1.0166908353,330.0,0.8136704432,,,,,,,,
113,kinase__T10_24h_F,0.9055847414333332,0.16160316069171168,3.0,331.0,1.0217887032,332.0,0.7210388560000001,333.0,0.9739266651,,,,,,
114,kinase__T10_24h_H,1.0993850221333334,0.07326362414011128,3.0,334.0,1.1128259893,335.0,1.0203315314,336.0,1.1649975457,,,,,,
115,kinase__T10_24h_I,0.7044617185,0.01767067808207535,2.0,337.0,0.6919666622,338.0,0.7169567748,,,,,,,,
116,kinase__T10_48h_F,0.8364296991,0.26106677718603566,3.0,339.0,0.5729770517,340.0,1.0950433314,341.0,0.8412687142,,,,,,
117,kinase__T10_48h_H,0.9833693807333334,0.11990050431995514,3.0,342.0,1.08445024,343.0,1.0147626185,344.0,0.8508952837,,,,,,
118,kinase__T10_48h_I,0.7875520771666666,0.050315428971944264,3.0,345.0,0.8236272268,346.0,0.7300736596,347.0,0.8089553451,,,,,,
119,kinase__T4 _48h_H,0.34794462260000003,0.28232387325395547,3.0,348.0,0.5316012962000001,349.0,0.4893745956,350.0,0.022857976000000002,,,,,,
120,kinase__T4 20 _12h_I,0.33122936426666666,0.08444141240310882,3.0,351.0,0.40484502920000004,352.0,0.3497921245,353.0,0.2390509391,,,,,,
121,kinase__T4_12h_F,0.6139688630333334,0.10627133338565677,3.0,354.0,0.6356670324,355.0,0.4985229888,356.0,0.7077165679,,,,,,
122,kinase__T4_12h_H,0.5954396943,0.16524748069041073,3.0,357.0,0.7627095941,358.0,0.4322917559,359.0,0.5913177329,,,,,,
123,kinase__T4_24h_F,0.5985403609333333,0.23866641155656707,3.0,360.0,0.5346416393,361.0,0.8626521025,362.0,0.398327341,,,,,,
124,kinase__T4_24h_H,0.3649523638,0.10637239113630632,3.0,363.0,0.3094511156,364.0,0.4875965819,365.0,0.2978093939,,,,,,
125,kinase__T4_24h_I,0.20219746580000003,0.3114578910280572,2.0,366.0,-0.018036521,367.0,0.42243145260000003,,,,,,,,
126,kinase__T4_48h_F,0.39810152336666665,0.07743977326215669,3.0,368.0,0.3526844913,369.0,0.4875175231,370.0,0.3541025557,,,,,,
127,kinase__T4_48h_I,0.2517699483333333,0.09666699614611152,3.0,371.0,0.3582894247,372.0,0.2274015412,373.0,0.1696188791,,,,,,
128,kinase__WT_T10_48h,0.8742859816800002,0.185016042290628,5.0,374.0,1.0235034943,375.0,0.9002058634000001,376.0,0.55669333,377.0,0.9840765116,378.0,0.9069507091000001,,
129,kinase__WT_T4_48h,0.42240715710000004,0.08970962840261956,3.0,379.0,0.3280461843,380.0,0.5065987572,381.0,0.4325765298,,,,,,
130,levofloxacin__control,0.0,0.217280926789568,3.0,382.0,-0.0701775815,383.0,-0.1735192902,384.0,0.2436968717,,,,,,
131,levofloxacin__treated,1.5217303656333332,0.05101364580954653,3.0,385.0,1.4628301179,386.0,1.5505002899,387.0,1.5518606891,,,,,,
132,linez__0_days_4,0.12206855055000002,0.35459955005823307,4.0,388.0,0.26019008650000003,389.0,-0.408159647,390.0,0.3100842978,391.0,0.32615946490000003,,,,
133,linez__0_days_control,8.673617379884035e-19,0.059276015399058454,4.0,392.0,0.0789001131,393.0,-0.0601332058,394.0,0.0067969251,395.0,-0.0255638324,,,,
134,linez__1_days_4,-0.30031506605,0.11539124255606405,4.0,396.0,-0.3380792083,397.0,-0.2213223585,398.0,-0.44628791640000004,399.0,-0.195570781,,,,
135,linez__1_days_control,-0.0818103012,0.11023585804376335,3.0,400.0,-0.1912374597,401.0,0.0292168389,402.0,-0.0834102828,,,,,,
136,lipid__dextrose_exp,0.0,0.09308416557616832,2.0,403.0,0.06582044470000001,404.0,-0.06582044470000001,,,,,,,,
137,lipid__dextrose_hypo,-0.19759673405,0.017893259669733052,2.0,405.0,-0.1849442888,406.0,-0.2102491793,,,,,,,,
138,lipid__dextrose_stat,1.40668996745,0.08605558547733201,2.0,407.0,1.3458394794,408.0,1.4675404555,,,,,,,,
139,lipid__lipid_exp,-1.960332825,0.10470851796352204,2.0,409.0,-1.8862927219,410.0,-2.0343729281,,,,,,,,
140,lipid__lipid_stat,0.09202269145000001,0.2097920107640204,2.0,411.0,-0.056322662,412.0,0.24036804490000002,,,,,,,,
141,mcr11__mcr11_mutant,-0.1799484110666667,0.1172680555464323,3.0,413.0,-0.1899514398,414.0,-0.057999252800000005,415.0,-0.29189454060000003,,,,,,
142,mcr11__wt,-4.625929269271485e-18,0.1272261602457405,3.0,416.0,0.0295565481,417.0,-0.1394029253,418.0,0.1098463772,,,,,,
143,miceAV_macro__24h_control,-9.25185853854297e-18,0.2833101142843321,3.0,419.0,0.3269897851,420.0,-0.1549578447,421.0,-0.1720319404,,,,,,
144,miceBMDM__inf02,0.29755986586666666,0.09454378649044584,3.0,422.0,0.199408508,423.0,0.3880270992,424.0,0.3052439904,,,,,,
145,miceBMDM__inf24,0.003437316099999995,0.24819283698323788,3.0,425.0,-0.21911256410000002,426.0,-0.0416634051,427.0,0.2710879175,,,,,,
146,miceBMDM__inf08,-0.20030828713333335,0.20797995781800854,3.0,428.0,-0.4355442277,429.0,-0.1245675428,430.0,-0.0408130909,,,,,,
147,miceBMDM__no_inf02,4.625929269271485e-18,0.22097304304133367,3.0,431.0,-0.2476352097,432.0,0.1770781713,433.0,0.07055703840000001,,,,,,
148,miceBMDM__no_inf24,-0.07359269083333332,0.28333382435659576,3.0,434.0,-0.2285895698,435.0,-0.2456138531,436.0,0.2534253504,,,,,,
149,miceBMDM__no_inf08,0.2906741372,0.1506932824796405,3.0,437.0,0.127657303,438.0,0.3194796207,439.0,0.4248854879,,,,,,
150,miceNF__control,0.0,0.1164126304401591,2.0,440.0,0.0823161604,441.0,-0.0823161604,,,,,,,,
151,miceNF__invivo,1.2570193267,0.12223469204486298,3.0,442.0,1.1461595336000001,443.0,1.3881056813,444.0,1.2367927652,,,,,,
152,mihF__mihF_mutant_atc,-0.2771692485,0.06563568011909059,2.0,445.0,-0.230757814,446.0,-0.32358068300000004,,,,,,,,
153,mihF__mihF_mutant_no_atc,-0.7969753525,0.5102770563089948,2.0,447.0,-1.1577957193,448.0,-0.4361549857,,,,,,,,
154,mihF__wt_atc,-0.7757387736000001,0.634702862624079,2.0,449.0,-0.3269360754,450.0,-1.2245414718,,,,,,,,
155,mihF__wt_no_atc,0.0,0.28554165675117876,2.0,451.0,-0.2019084418,452.0,0.2019084418,,,,,,,,
156,mmpl3__mutant_no_ATC,0.0,0.041300834438321464,2.0,453.0,-0.0292041001,454.0,0.0292041001,,,,,,,,
157,mmpl3__mutant_with_ATC,0.18850242490000002,0.08688375650550018,2.0,455.0,0.12706633150000002,456.0,0.2499385183,,,,,,,,
158,mrsI__ko_iron_atc,-0.277796761,0.2011322706612246,2.0,457.0,-0.1355747685,458.0,-0.4200187535,,,,,,,,
159,mrsI__ko_iron_no_atc,0.55817003985,0.1769670097633914,2.0,459.0,0.6833046125000001,460.0,0.4330354672,,,,,,,,
160,mrsI__ko_ox_atc,0.5230021042,0.09043697119223246,2.0,461.0,0.5869506998,462.0,0.4590535086,,,,,,,,
161,mrsI__ko_ox_no_atc,-0.06489956595,0.06793318679449524,2.0,463.0,-0.112935583,464.0,-0.0168635489,,,,,,,,
162,mrsI__ko_sds_atc,-0.007461532500000001,0.040668185718351145,2.0,465.0,0.0212952174,466.0,-0.0362182824,,,,,,,,
163,mrsI__ko_sds_no_atc,-0.19575114225,0.2927530016083775,2.0,467.0,0.011256490400000001,468.0,-0.4027587749,,,,,,,,
164,mrsI__wt_iron_atc,-0.10564594065,0.02441458151628943,2.0,469.0,-0.1229096568,470.0,-0.08838222450000001,,,,,,,,
165,mrsI__wt_iron_no_atc,1.0546367608,0.18906588687448922,2.0,471.0,1.1883265315,472.0,0.9209469901,,,,,,,,
166,mrsI__wt_ox_atc,1.08275187585,0.3154931594286967,2.0,473.0,1.3058392283,474.0,0.8596645234,,,,,,,,
167,mrsI__wt_ox_noatc,0.06053284065,0.25675825996937,2.0,475.0,0.24208834740000001,476.0,-0.12102266610000001,,,,,,,,
168,mrsI__wt_sds_atc,0.061301531500000006,0.004263231212323372,2.0,477.0,0.058286971800000004,478.0,0.06431609120000001,,,,,,,,
169,mrsI__wt_sds_no_atc,0.0,0.25231810378145797,2.0,479.0,-0.1784158422,480.0,0.1784158422,,,,,,,,
170,nitrate__control,0.0,0.06211475659489206,2.0,481.0,0.0439217656,482.0,-0.0439217656,,,,,,,,
171,p218__0_days_.1,-0.5009167880500001,0.23658644339570709,4.0,483.0,-0.5913653398000001,484.0,-0.1555618585,485.0,-0.6915357786,486.0,-0.5652041753,,,,
172,p218__0_days_control,1.6805133673525319e-18,0.07139051457570995,4.0,487.0,0.0553533089,488.0,-0.1006192769,489.0,0.0458395035,490.0,-0.0005735355,,,,
173,p218__1_days_.1,-0.29423272494999997,0.11184454332401432,4.0,491.0,-0.1504606,492.0,-0.3881704737,493.0,-0.37742146930000003,494.0,-0.2608783568,,,,
174,p218__1_days_control,-0.28242716755,0.2866105309766915,4.0,495.0,-0.227894647,496.0,-0.4990699677,497.0,-0.5041830409,498.0,0.1014389854,,,,
175,patH-Cap__post_path_ctrl,-0.9228240935500001,0.16963663656105532,2.0,499.0,-1.0427753096,500.0,-0.8028728775,,,,,,,,
176,patH-Cap__post_path_inh,-1.5444208542,0.0712309117096588,2.0,501.0,-1.5947887149,502.0,-1.4940529935,,,,,,,,
177,patH-Cap__pre_path_ctrl,0.0,0.18181624956879408,2.0,503.0,-0.128563503,504.0,0.128563503,,,,,,,,
178,patH-Cap__pre_path_inh,-0.9034812295000001,0.2563777743664056,2.0,505.0,-1.0847676923,506.0,-0.7221947667,,,,,,,,
179,ppxx__double_mutant,0.0,0.1326722062296986,2.0,507.0,-0.0938134167,508.0,0.0938134167,,,,,,,,
180,reactivation__day_1_reactivation,0.2607552902666667,0.14257499035366278,3.0,509.0,0.1309241033,510.0,0.41333801010000004,511.0,0.23800375740000002,,,,,,
181,reactivation__day_2_reactivation,-0.314507056,0.030849603700913213,3.0,512.0,-0.2949974326,513.0,-0.3500732798,514.0,-0.2984504556,,,,,,
182,reactivation__day_3_reactivation,-0.5659744444666667,0.188725459469813,3.0,515.0,-0.7376051337,516.0,-0.5964538931000001,517.0,-0.3638643066,,,,,,
183,reactivation__day_4_reactivation,-0.7531958356666667,0.02782863918036659,3.0,518.0,-0.7379853568,519.0,-0.7853146256,520.0,-0.7362875246,,,,,,
184,reactivation__day_0_persistence,-3.333333146541643e-11,0.13859086153751024,3.0,521.0,0.1595159405,522.0,-0.0908676705,523.0,-0.0686482701,,,,,,
185,redox__intra_basal,0.8680105112000001,0.09677852782739216,2.0,524.0,0.7995777579000001,525.0,0.9364432645,,,,,,,,
186,redox__whib3_comp_4.5,0.9209399332499999,0.3628792848223382,2.0,526.0,0.6643455302,527.0,1.1775343363,,,,,,,,
187,redox__whib3_comp_6.6,0.783507328,0.044707906275417056,2.0,528.0,0.8151205917000001,529.0,0.7518940643,,,,,,,,
188,redox__whib3_ko_4.5,0.6654418976500001,0.13464367006951747,2.0,530.0,0.5702344455,531.0,0.7606493498,,,,,,,,
189,redox__wt_4.5,0.12892124345,0.2028340247413945,2.0,532.0,-0.0145040709,533.0,0.2723465578,,,,,,,,
190,redox__wt_6.6,0.0,0.22975733145619393,2.0,534.0,-0.1624629671,535.0,0.1624629671,,,,,,,,
191,resus__day_1_run_1,0.0,0.011705425432508165,2.0,536.0,0.0082769857,537.0,-0.0082769857,,,,,,,,
192,resus__day_4_run_1,-0.22467575545000001,0.10797676670824799,2.0,538.0,-0.14832465150000002,539.0,-0.3010268594,,,,,,,,
193,rho__00h_DUC,0.0,0.23837167551576963,2.0,540.0,0.16855422820000002,541.0,-0.16855422820000002,,,,,,,,
194,rho__00h_DUC_1,-0.4616409033,0.18061548693634524,2.0,542.0,-0.5893553389,543.0,-0.3339264677,,,,,,,,
195,rho__01.5_DUC,-0.49229523845,0.21552770091423265,2.0,544.0,-0.33989413960000003,545.0,-0.6446963373,,,,,,,,
196,rho__01.5h_DUC_ATC,0.30740768265,0.027953379285702767,2.0,546.0,0.2876416586,547.0,0.3271737067,,,,,,,,
197,rho__03_DUC,-0.57660727,0.15608925629986561,2.0,548.0,-0.6869790416,549.0,-0.4662354984,,,,,,,,
198,rho__03h_DUC_ATC,0.24999256230000003,0.31220177514004005,2.0,550.0,0.47075255460000004,551.0,0.02923257,,,,,,,,
199,rho__06h_DUC_ATC,1.17509821535,0.41072978661391074,2.0,552.0,0.8846683980000001,553.0,1.4655280327,,,,,,,,
200,rho__06h_WT_ATC,-0.06578564475000001,0.1944088502719839,2.0,554.0,-0.2032534611,555.0,0.0716821716,,,,,,,,
201,rho__09_DUC,3.1842790384999997,0.09273550805150639,2.0,556.0,3.2498529451,557.0,3.1187051319,,,,,,,,
202,rho__09h_DUC_ATC,2.7193771057,,1.0,558.0,2.7193771057,,,,,,,,,,
203,smx__0_days_12.5,0.03735065776666666,0.07850420564804188,3.0,559.0,0.0041322527,560.0,-0.0190833699,561.0,0.1270030905,,,,,,
204,smx__0_days_control,-3.333333146541643e-11,0.05792766151216532,3.0,562.0,-0.0160217619,563.0,-0.0482304858,564.0,0.0642522476,,,,,,
205,smx__1_days_12.5,0.10031858140000001,0.07685678974645187,3.0,565.0,0.0855087639,566.0,0.0319444158,567.0,0.18350256450000002,,,,,,
206,smx__1_days_control,-0.04020133753333333,0.06820217341055344,3.0,568.0,-0.0781509668,569.0,0.0385347161,570.0,-0.0809877619,,,,,,
207,sq109__0_days_3,0.23529174165,0.485625533321511,4.0,571.0,-0.2963330316,572.0,0.681714362,573.0,0.6110209593,574.0,-0.055235323100000004,,,,
208,sq109__0_days_control,0.0,0.37211068080132714,4.0,575.0,-0.3705495593,576.0,0.36050931150000004,577.0,0.2771182068,578.0,-0.26707795900000003,,,,
209,sq109__1_days_3,0.14718287072500003,0.4858956776767028,4.0,579.0,-0.1361027464,580.0,0.5149528766,581.0,0.5995160016000001,582.0,-0.3896346489,,,,
210,sq109__1_days_control,0.23677671022500002,0.4445433504341964,4.0,583.0,-0.1266155998,584.0,0.7290751681000001,585.0,-0.15181848620000002,586.0,0.49646575880000005,,,,
211,stress__.1_butyrate,-0.07530763896666669,0.22359086698263067,3.0,587.0,-0.29630681270000003,588.0,-0.0804038985,589.0,0.1507877943,,,,,,
212,stress__.4_gluc,9.25185853854297e-18,0.15825766157442223,3.0,590.0,-0.052740551600000005,591.0,0.17789358460000002,592.0,-0.125153033,,,,,,
213,stress__1_days_low_iron,-0.04302388060000001,0.1565178630692477,3.0,593.0,-0.21900748,594.0,0.0093284604,595.0,0.0806073778,,,,,,
214,stress__7_days_low_iron,0.21193482523333337,0.2546412768192493,3.0,596.0,0.5004468867,597.0,0.0185588123,598.0,0.11679877670000001,,,,,,
215,stress__gluc_butyrate,0.26152051709999996,0.23016697627715174,3.0,599.0,0.1822898444,600.0,0.5208372698,601.0,0.0814344371,,,,,,
216,stress__high_iron,1.1915551887333333,0.21755612569066762,3.0,602.0,1.3371105564999999,603.0,0.9414617018,604.0,1.2960933079,,,,,,
217,stress__tolox_ph_7,0.38419383555,0.02512153499672581,2.0,605.0,0.4019574433,606.0,0.3664302278,,,,,,,,
218,sutez__0_days_5.6,-0.13262528655,0.1449023057147648,4.0,607.0,-0.1559388075,608.0,-0.1036995446,609.0,-0.3109222334,610.0,0.0400594393,,,,
219,sutez__0_days_control,-1.3010426069826053e-18,0.09283425462166629,4.0,611.0,-0.0894901639,612.0,-0.036824659600000004,613.0,0.1283967181,614.0,-0.0020818946,,,,
220,sutez__1_days_5.6,-0.21906653195,0.463742607304299,2.0,615.0,-0.5469820743,616.0,0.1088490104,,,,,,,,
221,sutez__1_days_control,-0.125190976425,0.1486894193588047,4.0,617.0,0.0693370967,618.0,-0.1941580231,619.0,-0.27698053370000003,620.0,-0.0989624456,,,,
222,thrB__0_days_starve,0.0,0.4194141323356356,2.0,621.0,0.2965705771,622.0,-0.2965705771,,,,,,,,
223,tss__expression_library,-1.4775769907,0.03608755265672936,2.0,623.0,-1.4520592375,624.0,-1.5030947439,,,,,,,,
224,tss__mapping_triphosphate,-0.61553445735,0.4557525014952169,2.0,625.0,-0.9378001417,626.0,-0.29326877300000004,,,,,,,,
225,tss__mapping_wo_triphosphate,-1.1336145239,0.015950576065857928,2.0,627.0,-1.1448932844,628.0,-1.1223357634,,,,,,,,
226,tss__wt_experiment_2,0.0,0.09839263905776956,3.0,629.0,0.1020313183,630.0,-0.007733804,631.0,-0.09429751430000001,,,,,,
227,vera__0_days_176,-0.577553555625,0.8622271847501184,4.0,632.0,-1.8500013273,633.0,-0.353873441,634.0,-0.1279835955,635.0,0.0216441413,,,,
228,vera__0_days_control,3.469446951953614e-18,0.1379334161834013,4.0,636.0,-0.0961001214,637.0,-0.0260983264,638.0,0.20197912950000002,639.0,-0.07978068170000001,,,,
229,vera__1_days_176,0.0142709864,0.12691847145203886,3.0,640.0,0.0847385254,641.0,-0.1322463976,642.0,0.09032083140000001,,,,,,
230,vera__1_days_control,0.47855493122500004,0.1837171501394827,4.0,643.0,0.32068159,644.0,0.7423040731,645.0,0.4497368306,646.0,0.4014972312,,,,
