,condition,X_avg,X_std,n,rep1_idx,rep1_X,rep2_idx,rep2_X,rep3_idx,rep3_X,rep4_idx,rep4_X,rep5_idx,rep5_X,rep6_idx,rep6_X
0,AX__AX_10_MIC,-0.05211497165000001,0.143919931271529,2.0,0.0,0.049651787700000005,1.0,-0.15388173100000002,,,,,,,,
1,AX__AX_30_MIC,-0.30675139975,0.13436156882921363,2.0,2.0,-0.2117434233,3.0,-0.4017593762,,,,,,,,
2,AX__QZ_10_MIC,-0.03852437655,0.07981869521218751,2.0,4.0,0.0179159641,5.0,-0.0949647172,,,,,,,,
3,AX__QZ_30_MIC,-0.1999515833,0.13583754427983608,2.0,6.0,-0.10389993460000001,7.0,-0.296003232,,,,,,,,
4,AX__wt,0.0,0.36494225973477257,2.0,8.0,-0.2580531466,9.0,0.2580531466,,,,,,,,
5,ITM_04__00h_clinic_ctrl,-0.36689562535,0.07154299010555498,2.0,10.0,-0.3163070919,11.0,-0.4174841588,,,,,,,,
6,ITM_04__00h_h37rv_control,0.0,0.17782917584873384,3.0,12.0,0.2014439525,13.0,-0.1351961156,14.0,-0.0662478369,,,,,,
7,ITM_04__06h_clinic_delam,-0.6624002680333333,0.20898470324673504,3.0,15.0,-0.4253654074,16.0,-0.7417327226,17.0,-0.8201026741,,,,,,
8,ITM_04__06h_clinic_DMSO,-0.2254928664,0.05421304621585426,3.0,18.0,-0.1695268371,19.0,-0.22918787880000002,20.0,-0.2777638833,,,,,,
9,ITM_04__06h_h37rv_delam,-0.4480274221666667,0.17949514483114587,3.0,21.0,-0.2597673586,22.0,-0.46707670830000003,23.0,-0.6172381996,,,,,,
10,ITM_04__06h_h37rv_DMSO,0.3730193579666667,0.21469762752806448,3.0,24.0,0.2009438604,25.0,0.6136132086,26.0,0.30450100490000004,,,,,,
11,ITM_04__24h_clinic_delam,-0.5132635836666667,0.06435008159615985,3.0,27.0,-0.5634888227,28.0,-0.44072732000000003,29.0,-0.5355746083,,,,,,
12,ITM_04__24h_clinic_DMSO,-0.07258427316666667,0.0626941740701706,3.0,30.0,-0.0707779711,31.0,-0.1361620795,32.0,-0.0108127689,,,,,,
13,ITM_04__24h_h37rv_delam,-0.29473568933333333,0.10398757408176536,3.0,33.0,-0.21848152950000002,34.0,-0.4131895574,35.0,-0.25253598110000003,,,,,,
14,ITM_04__24h_h37rv_DMSO,0.1632572655,0.1020249811194605,2.0,36.0,0.2353998215,37.0,0.0911147095,,,,,,,,
15,JSF__DMSO,1.3877787807814457e-17,0.16804063453043402,4.0,38.0,-0.1228248452,39.0,-0.1665711707,40.0,0.1429601869,41.0,0.14643582900000002,,,,
16,JSF__JSF_2019,-0.2308519269,0.29127943911902715,4.0,42.0,-0.4277189279,43.0,0.19879649900000002,44.0,-0.39242644790000003,45.0,-0.3020588308,,,,
17,JSF__JSF_2026,0.30323600032500003,0.2551605984534962,4.0,46.0,2.81099e-05,47.0,0.46019507260000003,48.0,0.5608262049,49.0,0.1918946139,,,,
18,MTS1338__over_expression,0.0,0.29241911193813025,2.0,50.0,-0.206771537,51.0,0.206771537,,,,,,,,
19,PAS__control,-3.33333360913457e-11,0.21753852475480723,3.0,52.0,0.2144890321,53.0,0.005975849,54.0,-0.22046488120000002,,,,,,
20,PAS__treated,-0.2916902344666667,0.4183630290704014,3.0,55.0,-0.41087942990000004,56.0,0.17333385880000002,57.0,-0.6375251323000001,,,,,,
21,THP-1__24h_THP_B_enriched,0.0,0.07501780468147655,2.0,58.0,-0.053045598400000005,59.0,0.053045598400000005,,,,,,,,
22,aminoimidazoles__02h_treated,0.005293542599999999,0.10513346622875565,2.0,60.0,-0.0690470443,61.0,0.0796341295,,,,,,,,
23,aminoimidazoles__24h_treated,-0.8086531234000001,0.18617191773935218,2.0,62.0,-0.6770096979,63.0,-0.9402965489,,,,,,,,
24,aminoimidazoles__00h_untreated,3.33333360913457e-11,0.3368537914940397,3.0,64.0,0.2139535809,65.0,0.1743386478,66.0,-0.3882922286,,,,,,
25,antibiotic__ctrl_24h,0.3570815472,0.3073868947790204,3.0,67.0,0.4719763735,68.0,0.5904710080000001,69.0,0.0087972601,,,,,,
26,antibiotic__ctrl_4h,0.0,0.08867881860625335,3.0,70.0,-0.0869780867,71.0,-0.0033088433,72.0,0.09028693,,,,,,
27,antibiotic__izd_4h,0.5954627944499999,0.0071168960387502775,2.0,73.0,0.6004951999,74.0,0.590430389,,,,,,,,
28,base__wt_glu_24,-0.42275827909999997,0.13259125415241463,3.0,75.0,-0.5476231304,76.0,-0.43705275460000004,77.0,-0.2835989523,,,,,,
29,base__wt_glu_6,2.8912057932946786e-18,0.07184651646628326,3.0,78.0,0.0748199803,79.0,-0.0684486731,80.0,-0.006371307200000001,,,,,,
30,base__wt_llac_24,0.06773004853333334,0.06317754026659832,3.0,81.0,0.0189369502,82.0,0.1390928277,83.0,0.0451603677,,,,,,
31,base__wt_llac_6,-0.32308072550000005,0.18522679077104767,3.0,84.0,-0.2697146549,85.0,-0.1703953943,86.0,-0.5291321273,,,,,,
32,base__wt_pyr_24,-0.6226046135333333,0.21525759099917405,3.0,87.0,-0.5448063713,88.0,-0.4570620422,89.0,-0.8659454271,,,,,,
33,base__wt_pyr_6,-0.29118810700000003,0.1384483530078489,3.0,90.0,-0.1319229956,91.0,-0.35882421870000003,92.0,-0.3828171067,,,,,,
34,biofilm__biofilm,0.21591694615,0.13300365440165182,2.0,93.0,0.1218691602,94.0,0.30996473210000003,,,,,,,,
35,biofilm__planktonic,0.0,0.04957559244613127,2.0,95.0,0.035055237600000004,96.0,-0.035055237600000004,,,,,,,,
36,btz043__0_days_.006,0.1548690844,0.07265324425668729,3.0,97.0,0.10624490260000001,98.0,0.23838641670000002,99.0,0.1199759339,,,,,,
37,btz043__0_days_control,9.25185853854297e-18,0.14721603851066356,3.0,100.0,-0.0157994869,101.0,-0.138679055,102.0,0.15447854190000002,,,,,,
38,btz043__1_days_.006,0.18354400582500002,0.3704824827319719,4.0,103.0,0.1256813978,104.0,0.3132141399,105.0,0.588679484,106.0,-0.2933989984,,,,
39,btz043__1_days_control,0.308041091175,0.18991179717171938,4.0,107.0,0.4720368172,108.0,0.0480986193,109.0,0.42358626390000004,110.0,0.2884426643,,,,
40,clarithromycin__1_days_control,3.333333146541643e-11,0.09559608411614028,3.0,111.0,0.0680033994,112.0,-0.1093028587,113.0,0.0412994594,,,,,,
41,cnpB__del,-0.18163829713333335,0.35493593876152013,3.0,114.0,-0.0245435381,115.0,0.0676411803,116.0,-0.5880125336,,,,,,
42,cnpB__wt,-9.25185853854297e-18,0.23977121518874414,3.0,117.0,0.0047708221000000006,118.0,0.2373502039,119.0,-0.24212102600000002,,,,,,
43,csoR__ko,0.26129427990000004,0.2768405767110811,2.0,120.0,0.0655384308,121.0,0.457050129,,,,,,,,
44,csoR__wt,0.0,0.3539674419187451,2.0,122.0,-0.25029277850000003,123.0,0.25029277850000003,,,,,,,,
45,dap__0_days_25,0.24538373202500002,0.1378101212432235,4.0,124.0,0.3484374219,125.0,0.29913119790000003,126.0,0.0421377813,127.0,0.291828527,,,,
46,dap__0_days_control,0.0,0.10178393974177542,4.0,128.0,-0.038659153,129.0,-0.0801602015,130.0,-0.0303140756,131.0,0.1491334301,,,,
47,dap__1_days_25,0.56853174065,0.12917001467710837,4.0,132.0,0.3945705276,133.0,0.6924714815,134.0,0.5536674142,135.0,0.6334175393,,,,
48,dap__1_days_control,0.47031473315000005,0.2012803362927128,4.0,136.0,0.26923771350000003,137.0,0.42938506590000003,138.0,0.7496697384000001,139.0,0.43296641480000003,,,,
49,degradosome__mutant_rnj,-0.713728866,0.25754593152862304,3.0,140.0,-0.9799155617,141.0,-0.6954762301,142.0,-0.4657948062,,,,,,
50,degradosome__PNPase_ko,0.13554597670000001,0.02634381905412516,3.0,143.0,0.1531541347,144.0,0.1052602455,145.0,0.1482235499,,,,,,
51,degradosome__Rnase_E_ko,0.027322172266666667,0.5433036591931113,3.0,146.0,-0.3505718339,147.0,0.6499464242,148.0,-0.21740807350000002,,,,,,
52,degradosome__wt_cas9_ctrl,-0.45602654676666665,0.3864084112163351,3.0,149.0,-0.2327423558,150.0,-0.23312479190000002,151.0,-0.9022124926,,,,,,
53,degradosome__wt_expn,-9.25185853854297e-18,0.1985326146726907,3.0,152.0,0.0037449271,153.0,-0.20037858620000001,154.0,0.1966336591,,,,,,
54,delam__0_days_.09,-0.25015468315,0.13654293421785924,4.0,155.0,-0.2327528235,156.0,-0.38395596730000003,157.0,-0.067552605,158.0,-0.3163573368,,,,
55,delam__0_days_control,0.0,0.13700890466851437,4.0,159.0,-0.1371823906,160.0,0.0537708139,161.0,-0.0830444934,162.0,0.16645607010000002,,,,
56,delam__1_days_.09,-0.24291156460000002,0.4109058300674703,4.0,163.0,0.0558255176,164.0,-0.8423967861,165.0,-0.1721606914,166.0,-0.012914298500000001,,,,
57,delam__1_days_control,0.08328649277499998,0.38892665046284136,4.0,167.0,0.6020074835,168.0,0.1496205849,169.0,-0.1415084297,170.0,-0.27697366760000003,,,,
58,dg_inh__both,-0.8984455814666666,0.20015564705379835,3.0,171.0,-0.6757805043,172.0,-1.0634202733,173.0,-0.9561359668,,,,,,
59,dg_inh__dg,-0.4752748390333333,0.09073882339524543,3.0,174.0,-0.3719843657,175.0,-0.5421464561,176.0,-0.5116936953,,,,,,
60,dg_inh__DMSO,0.0,0.056213692358372834,3.0,177.0,0.0647576115,178.0,-0.028529387200000002,179.0,-0.0362282243,,,,,,
61,dg_inh__inh,-0.7239670225666668,0.11259453850251543,3.0,180.0,-0.8296048363,181.0,-0.7367836193,182.0,-0.6055126121000001,,,,,,
62,dormancy__dormant_20d_rifampicin,0.26386318243333334,0.2277951903526696,3.0,183.0,0.0601221279,184.0,0.5098095084,185.0,0.221657911,,,,,,
63,dormancy__dormant_no_treatment,0.0,0.39255952154968116,3.0,186.0,-0.3987590815,187.0,0.0127077053,188.0,0.3860513762,,,,,,
64,eccE1__control,0.0,0.19426250526051853,2.0,189.0,-0.13736433480000002,190.0,0.13736433480000002,,,,,,,,
65,eccE1__delta_eccE1,-0.035910835,0.049415112157977926,2.0,191.0,-0.0009690741,192.0,-0.07085259590000001,,,,,,,,
66,eccE1__delta_eccE1_eccE1_HA_comp,-0.20952183685,0.2881618162508388,2.0,193.0,-0.0057606625,194.0,-0.4132830112,,,,,,,,
67,eccE1__delta_eccE1_empty_vector,0.06084914289999999,0.1791176000143408,2.0,195.0,0.1875044125,196.0,-0.06580612670000001,,,,,,,,
68,eccE1__delta_eccE1_myc_p1_HA_comp,-0.0447793789,0.22767292378366852,2.0,197.0,0.11620968940000001,198.0,-0.2057684472,,,,,,,,
69,eccE1__delta_eccE1_mycP1_eccE1_comp,-0.10293162995,0.0685831829651284,2.0,199.0,-0.0544359962,200.0,-0.1514272637,,,,,,,,
70,emb__0_days_2.45,-0.25808981497500005,0.11475741969008495,4.0,201.0,-0.1103565291,202.0,-0.22721786600000002,203.0,-0.3671368009,204.0,-0.3276480639,,,,
71,emb__0_days_control,-2.500000900740318e-11,0.4423368127669345,4.0,205.0,-0.6481530849,206.0,0.1962496263,207.0,0.3405398233,208.0,0.1113636352,,,,
72,emb__1_days_2.45,-0.14177184455000003,0.2920673690964355,4.0,209.0,-0.5351314203,210.0,-0.18223922180000002,211.0,0.0229987166,212.0,0.1272845473,,,,
73,emb__1_days_control,-0.020101883925,0.22226031564783547,4.0,213.0,0.0558336025,214.0,-0.34891611240000003,215.0,0.0721313495,216.0,0.1405436247,,,,
74,espL__ko,-0.07401682955000001,0.4129245650282768,2.0,217.0,-0.36599858960000003,218.0,0.21796493050000001,,,,,,,,
75,espL__wt,0.0,0.16172106044310633,2.0,219.0,-0.11435405850000001,220.0,0.11435405850000001,,,,,,,,
76,esx_1__ko,0.36670814475,0.01759831015779366,2.0,221.0,0.3791520292,222.0,0.3542642603,,,,,,,,
77,esx_1__wt,-3.33333360913457e-11,0.3493731180201836,3.0,223.0,0.37146652,224.0,-0.32200887770000003,225.0,-0.0494576424,,,,,,
78,genotoxic__control,0.0,0.057729818304812226,2.0,226.0,-0.040821146,227.0,0.040821146,,,,,,,,
79,genotoxic__growth_supplement,-0.56472544785,0.7362892588533203,2.0,228.0,-1.0853605757,229.0,-0.04409032,,,,,,,,
80,growth__tss_expnt,-0.061496794800000004,0.21905285137692163,3.0,230.0,-0.0362003235,231.0,0.1438095935,232.0,-0.2920996544,,,,,,
81,growth__tss_starved,1.7436432033333336,0.42241791017430547,3.0,233.0,1.2588909767,234.0,2.032905881,235.0,1.9391327523,,,,,,
82,growth__wt_expn,0.0,0.5523757421519581,3.0,236.0,-0.637819345,237.0,0.32188000510000003,238.0,0.3159393399,,,,,,
83,hs2__treated,0.30641138560000003,0.24450213965896408,3.0,239.0,0.1066615186,240.0,0.23349659350000002,241.0,0.5790760447000001,,,,,,
84,hs2__untreated,0.0,0.782186834326193,3.0,242.0,-0.6863994031,243.0,-0.1651880819,244.0,0.851587485,,,,,,
85,hypoxia__000h_.81_DO,-3.700743415417188e-17,0.558054394077181,3.0,245.0,0.011572419,246.0,-0.5637506045,247.0,0.5521781855,,,,,,
86,hypoxia__017h_.57_DO,0.19808214040000002,0.2244745647037992,3.0,248.0,0.11920616220000001,249.0,0.4513489518,250.0,0.0236913072,,,,,,
87,hypoxia__023h_.42_DO,-1.0577597751,0.454781906999081,2.0,251.0,-1.3793391455,252.0,-0.7361804047,,,,,,,,
88,hypoxia__040h_.11_DO,-1.8165097322500001,0.7305294031874396,2.0,253.0,-1.2999474374,254.0,-2.3330720271,,,,,,,,
89,hypoxia__041h_.09_DO,-1.4052022007666667,0.6215285758411522,3.0,255.0,-0.9883315542000001,256.0,-2.1195643158,257.0,-1.1077107323,,,,,,
90,hypoxia__042h_.07_DO,-1.4956113973499998,0.49829910746824463,2.0,258.0,-1.1432607194,259.0,-1.8479620753,,,,,,,,
91,hypoxia__043h_.06_DO,-2.0231834344,0.5590910252717065,3.0,260.0,-1.4154328867000001,261.0,-2.5156382097,262.0,-2.1384792068,,,,,,
92,hypoxia__044h_.04_DO,-1.8845176246,0.17839499322774344,3.0,263.0,-2.0832517583,264.0,-1.8320902178,265.0,-1.7382108977000001,,,,,,
93,hypoxia__047h_0_DO,-2.145583697133333,0.9500665262084097,3.0,266.0,-1.0485853544000001,267.0,-2.6855751513,268.0,-2.7025905857,,,,,,
94,hypoxia__049h_0_DO,-1.7431623894666668,0.16200810146041117,3.0,269.0,-1.8962811728000002,270.0,-1.573529889,271.0,-1.7596761066000002,,,,,,
95,hypoxia__050h_0_DO,-1.9314968806,0.27313323597314504,3.0,272.0,-2.0654286853,273.0,-2.1118131417,274.0,-1.6172488148,,,,,,
96,hypoxia__052h_0_DO,-1.8428449657333335,0.24987385775735482,3.0,275.0,-1.9203164883000001,276.0,-1.5634111214000002,277.0,-2.0448072875,,,,,,
97,hypoxia__054h_0_DO,-1.1004520879400002,0.585382062154154,5.0,278.0,-1.4826293927,279.0,-0.45378559020000003,280.0,-1.0209275634,281.0,-0.663790435,282.0,-1.8811274584,,
98,hypoxia__070h_0_DO,-0.02453246645,0.07811119497018167,2.0,283.0,0.0307004892,284.0,-0.0797654221,,,,,,,,
99,hypoxia__088h_0_DO,-1.5609917632,0.17406620142075585,2.0,285.0,-1.6840751546,286.0,-1.4379083718,,,,,,,,
100,hypoxia__114.5h_.04_DO,-0.7115545219,0.2158756332139062,3.0,287.0,-0.9580072247,288.0,-0.5559539836,289.0,-0.6207023574,,,,,,
101,hypoxia__115h_.06_DO,-0.9471236532999999,0.07647386925316266,3.0,290.0,-0.8640256613,291.0,-0.9628019038000001,292.0,-1.0145433948,,,,,,
102,hypoxia__116h_.11_DO,-1.1188823596333333,0.06538906540999538,3.0,293.0,-1.1096356766,294.0,-1.1884025733,295.0,-1.058608829,,,,,,
103,hypoxia__120h_.47_DO,-1.4357401124000002,0.19210490799263183,3.0,296.0,-1.6078706431,297.0,-1.4708466506,298.0,-1.2285030435,,,,,,
104,kinase__DMSO_0h_F,1.0459279910666666,0.3466094806901763,3.0,299.0,0.8183526280000001,300.0,0.8745925015,301.0,1.4448388437,,,,,,
105,kinase__DMSO_0h_H,0.17282519065000002,0.17100598347483686,6.0,302.0,0.29831922040000003,303.0,0.1432434994,304.0,-0.0990700543,305.0,0.2633093698,306.0,0.363598162,307.0,0.06755094660000001
106,kinase__DMSO_0h_I,-1.666666804567285e-11,1.216262603323518,6.0,308.0,-0.1992749799,309.0,0.2843748245,310.0,1.2568492678,311.0,1.0205208872,312.0,-0.2158001678,313.0,-2.1466698319
107,kinase__pknD_T10_48h,0.9589583714,0.16785454523412707,3.0,314.0,0.7743973759,315.0,0.9999740902,316.0,1.1025036481,,,,,,
108,kinase__pknL_T10_48h,0.8588505688,0.09405263007336925,3.0,317.0,0.7580344587000001,318.0,0.874287476,319.0,0.9442297717,,,,,,
109,kinase__pknL_T4_48h,1.6642898718666668,0.09868454144083173,3.0,320.0,1.5795119572,321.0,1.6407381922000002,322.0,1.7726194662,,,,,,
110,kinase__T10_12h_F,1.6404425244666667,0.23420850754999903,3.0,323.0,1.7728231321,324.0,1.7784828649,325.0,1.3700215764,,,,,,
111,kinase__T10_12h_H,1.5244275441333333,0.04802351782413116,3.0,326.0,1.5017003262,327.0,1.5795959866,328.0,1.4919863196,,,,,,
112,kinase__T10_12h_I,-0.021827466799999973,0.7685368563261329,2.0,329.0,-0.5652650895,330.0,0.5216101559,,,,,,,,
113,kinase__T10_24h_F,1.4928506659333334,0.2547762922136206,3.0,331.0,1.1987785423,332.0,1.6326653255,333.0,1.64710813,,,,,,
114,kinase__T10_24h_H,1.2964672559000001,0.3717552503408437,3.0,334.0,0.8702343233000001,335.0,1.4654693081,336.0,1.5536981363,,,,,,
115,kinase__T10_24h_I,0.5341329754999999,0.06390519438121271,2.0,337.0,0.5793207718,338.0,0.4889451792,,,,,,,,
116,kinase__T10_48h_F,1.4509806798666667,0.408459976023471,3.0,339.0,1.1199965397,340.0,1.9074653207,341.0,1.3254801792,,,,,,
117,kinase__T10_48h_H,1.478874616,0.3041364748373232,3.0,342.0,1.2154249575,343.0,1.4094907597000002,344.0,1.8117081308,,,,,,
118,kinase__T10_48h_I,0.5467483264666667,0.05269584467238766,3.0,345.0,0.5974970892,346.0,0.5504475475,347.0,0.4923003427,,,,,,
119,kinase__T4 _48h_H,1.1390556045333333,0.04275237577028545,3.0,348.0,1.1797944696,349.0,1.0945402761,350.0,1.1428320679,,,,,,
120,kinase__T4 20 _12h_I,0.30684872553333337,0.05155900730718338,3.0,351.0,0.3389938591,352.0,0.3341737281,353.0,0.24737858940000002,,,,,,
121,kinase__T4_12h_F,1.4686487421666667,0.048305089999743776,3.0,354.0,1.4449462897,355.0,1.5242266997,356.0,1.4367732371,,,,,,
122,kinase__T4_12h_H,1.1385707324666667,0.12145843813354856,3.0,357.0,1.0463152109,358.0,1.2761798643,359.0,1.0932171222,,,,,,
123,kinase__T4_24h_F,1.2874902379,0.24483238076240812,3.0,360.0,1.1544536412,361.0,1.5700382625,362.0,1.13797881,,,,,,
124,kinase__T4_24h_H,1.0819309001,0.16540515518462287,3.0,363.0,1.2277889173,364.0,0.9022173211000001,365.0,1.1157864619,,,,,,
125,kinase__T4_24h_I,0.7025711479500001,0.06405779955043339,2.0,366.0,0.7478668524000001,367.0,0.6572754435,,,,,,,,
126,kinase__T4_48h_F,1.7158162708666669,0.12159966117569593,3.0,368.0,1.5857273253000002,369.0,1.8266223791,370.0,1.7350991082,,,,,,
127,kinase__T4_48h_I,1.0452376651666668,0.17497350065943437,3.0,371.0,0.9873355406000001,372.0,0.9065545009,373.0,1.241822954,,,,,,
128,kinase__WT_T10_48h,1.23683557142,0.16284961820115929,5.0,374.0,1.4603055666,375.0,1.0597180764,376.0,1.331181379,377.0,1.2211280157,378.0,1.1118448194,,
129,kinase__WT_T4_48h,1.4231201195666667,0.137989091501426,3.0,379.0,1.3820844756000001,380.0,1.3103036012,381.0,1.5769722819,,,,,,
130,levofloxacin__control,0.0,0.21754248132043444,3.0,382.0,0.0059800612,383.0,0.2144907969,384.0,-0.2204708581,,,,,,
131,levofloxacin__treated,0.3455638196333333,0.2207731137142037,3.0,385.0,0.5092795562,386.0,0.0944764151,387.0,0.4329354876,,,,,,
132,linez__0_days_4,1.43885476525,0.4035560604359767,4.0,388.0,2.0293010976,389.0,1.2206671119,390.0,1.3600834628,391.0,1.1453673887,,,,
133,linez__0_days_control,-5.902125576467965e-18,0.5088057243312651,4.0,392.0,0.2776058866,393.0,-0.713657748,394.0,0.4362079337,395.0,-0.0001560723,,,,
134,linez__1_days_4,-0.1025749559,0.19183468461748535,4.0,396.0,-0.11492955190000001,397.0,0.0370886758,398.0,-0.3695018001,399.0,0.0370428526,,,,
135,linez__1_days_control,-0.31374475376666666,0.39235992418162596,3.0,400.0,-0.4280849907,401.0,-0.6362337492,402.0,0.1230844786,,,,,,
136,lipid__dextrose_exp,0.0,0.41491576718820705,2.0,403.0,0.2933897526,404.0,-0.2933897526,,,,,,,,
137,lipid__dextrose_hypo,0.6818815202,0.09149074598244109,2.0,405.0,0.6171877933000001,406.0,0.7465752471,,,,,,,,
138,lipid__dextrose_stat,0.8760657086500001,0.1662663554897848,2.0,407.0,0.7584976412000001,408.0,0.9936337761,,,,,,,,
139,lipid__lipid_exp,-0.5552185943,0.3757647089087978,2.0,409.0,-0.2895128205,410.0,-0.8209243681,,,,,,,,
140,lipid__lipid_stat,0.8353911509,0.09643048873832132,2.0,411.0,0.9035778034,412.0,0.7672044984,,,,,,,,
141,mcr11__mcr11_mutant,-0.08169502183333334,0.08899316411089778,3.0,413.0,-0.1636453867,414.0,0.012972679,415.0,-0.0944123578,,,,,,
142,mcr11__wt,3.33333360913457e-11,0.19160698011534436,3.0,416.0,-0.0658980702,417.0,-0.1499616482,418.0,0.21585971850000002,,,,,,
143,miceAV_macro__24h_control,0.0,0.2395235342544868,3.0,419.0,-0.08679908950000001,420.0,-0.18402288600000002,421.0,0.27082197550000003,,,,,,
144,miceBMDM__inf02,0.8640987457333335,0.32214666112092255,3.0,422.0,0.6900209181,423.0,0.6664428164,424.0,1.2358325027000001,,,,,,
145,miceBMDM__inf24,1.0288309088,0.15445508865788557,3.0,425.0,1.0079205577,426.0,0.8858962466,427.0,1.1926759221,,,,,,
146,miceBMDM__inf08,0.9027026754999999,0.1837243540367126,3.0,428.0,0.8173168695,429.0,0.7772094127,430.0,1.1135817443,,,,,,
147,miceBMDM__no_inf02,3.33333360913457e-11,0.2732781127767819,3.0,431.0,0.17426557680000002,432.0,0.1406929312,433.0,-0.3149585079,,,,,,
148,miceBMDM__no_inf24,0.7782266754666667,0.23954032593234503,3.0,434.0,0.5941640523,435.0,1.0490603383,436.0,0.6914556358,,,,,,
149,miceBMDM__no_inf08,0.6611220949666667,0.13880945118101048,3.0,437.0,0.7804091282000001,438.0,0.6941932833000001,439.0,0.5087638734000001,,,,,,
150,miceNF__control,0.0,0.47501663431422647,2.0,440.0,-0.3358874833,441.0,0.3358874833,,,,,,,,
151,miceNF__invivo,-0.18985405340000003,0.05044263077507108,3.0,442.0,-0.13632704110000002,443.0,-0.1967277829,444.0,-0.2365073362,,,,,,
152,mihF__mihF_mutant_atc,0.9973536205,0.047210057785025024,2.0,445.0,0.9639710685,446.0,1.0307361725,,,,,,,,
153,mihF__mihF_mutant_no_atc,0.0229584006,0.02916769680159359,2.0,447.0,0.0435830768,448.0,0.0023337244000000003,,,,,,,,
154,mihF__wt_atc,-0.15505567850000002,0.12540787496224773,2.0,449.0,-0.0663789197,450.0,-0.24373243730000002,,,,,,,,
155,mihF__wt_no_atc,0.0,0.025930786110171213,2.0,451.0,-0.0183358347,452.0,0.0183358347,,,,,,,,
156,mmpl3__mutant_no_ATC,0.0,0.22994115758183492,2.0,453.0,-0.1625929518,454.0,0.1625929518,,,,,,,,
157,mmpl3__mutant_with_ATC,-0.3265700153,0.15288015427966967,2.0,455.0,-0.2184674215,456.0,-0.4346726091,,,,,,,,
158,mrsI__ko_iron_atc,-0.052018705200000015,0.3127608600060296,2.0,457.0,0.1691366198,458.0,-0.27317403020000003,,,,,,,,
159,mrsI__ko_iron_no_atc,0.4477161491,0.09197888060253455,2.0,459.0,0.38267725890000004,460.0,0.5127550393,,,,,,,,
160,mrsI__ko_ox_atc,0.5047958379,0.5363211882420778,2.0,461.0,0.8840321870000001,462.0,0.1255594888,,,,,,,,
161,mrsI__ko_ox_no_atc,1.90428966275,0.18835993600075782,2.0,463.0,1.7710990747,464.0,2.0374802508,,,,,,,,
162,mrsI__ko_sds_atc,1.6552090908500001,0.04259188081814566,2.0,465.0,1.6853260986,466.0,1.6250920831,,,,,,,,
163,mrsI__ko_sds_no_atc,0.0615040216,0.08627623100662273,2.0,467.0,0.1225105296,468.0,0.0004975136,,,,,,,,
164,mrsI__wt_iron_atc,0.0272365544,0.015341003210006232,2.0,469.0,0.016388827,470.0,0.0380842818,,,,,,,,
165,mrsI__wt_iron_no_atc,0.6366620314,0.06852809687200027,2.0,471.0,0.5882053494,472.0,0.6851187134000001,,,,,,,,
166,mrsI__wt_ox_atc,0.6478709125500001,0.21773516850120841,2.0,473.0,0.4939088984,474.0,0.8018329267000001,,,,,,,,
167,mrsI__wt_ox_noatc,1.73752669795,0.018701004433602515,2.0,475.0,1.7243030909,476.0,1.750750305,,,,,,,,
168,mrsI__wt_sds_atc,1.40824037345,0.07726134807861079,2.0,477.0,1.4628723966,478.0,1.3536083503,,,,,,,,
169,mrsI__wt_sds_no_atc,0.0,0.008202863350096732,2.0,479.0,-0.0058003003,480.0,0.0058003003,,,,,,,,
170,nitrate__control,0.0,0.7104265981681651,2.0,481.0,-0.5023474651000001,482.0,0.5023474651000001,,,,,,,,
171,p218__0_days_.1,0.303928528375,0.11110737245383288,4.0,483.0,0.43508991900000005,484.0,0.2348407156,485.0,0.35392119040000003,486.0,0.1918622885,,,,
172,p218__0_days_control,0.0,0.25798111263814727,4.0,487.0,0.0390006664,488.0,0.036622213800000004,489.0,-0.34921239940000004,490.0,0.2735895192,,,,
173,p218__1_days_.1,0.5155480760750001,0.24562042214429602,4.0,491.0,0.6070948820000001,492.0,0.2103837589,493.0,0.7906807406,494.0,0.4540329228,,,,
174,p218__1_days_control,1.005380865375,0.4221407222007314,4.0,495.0,1.2140696896,496.0,1.2080440906,497.0,1.227127176,498.0,0.3722825053,,,,
175,patH-Cap__post_path_ctrl,-0.33769905305000003,0.25678211916638083,2.0,499.0,-0.5192714308,500.0,-0.15612667530000002,,,,,,,,
176,patH-Cap__post_path_inh,-1.3133072611499998,1.1642387876249403,2.0,501.0,-0.4900661195,502.0,-2.1365484028,,,,,,,,
177,patH-Cap__pre_path_ctrl,0.0,0.23368543775343398,2.0,503.0,0.1652405577,504.0,-0.1652405577,,,,,,,,
178,patH-Cap__pre_path_inh,0.026086993949999998,0.4274509352644153,2.0,505.0,0.3283404489,506.0,-0.27616646100000003,,,,,,,,
179,ppxx__double_mutant,0.0,0.1658443822349119,2.0,507.0,0.11726968730000001,508.0,-0.11726968730000001,,,,,,,,
180,reactivation__day_1_reactivation,0.5852796094,0.06890527046285079,3.0,509.0,0.5105924969,510.0,0.6463784328000001,511.0,0.5988678985,,,,,,
181,reactivation__day_2_reactivation,0.06893430873333334,0.11866346881387957,3.0,512.0,-0.053475947,513.0,0.07682137400000001,514.0,0.1834574992,,,,,,
182,reactivation__day_3_reactivation,-0.5660443277333334,0.01600009412923131,3.0,515.0,-0.5528830658,516.0,-0.5838538901,517.0,-0.5613960273,,,,,,
183,reactivation__day_4_reactivation,-0.9349944594999999,0.35149576738241944,3.0,518.0,-0.8320127783,519.0,-0.6464921318,520.0,-1.3264784684,,,,,,
184,reactivation__day_0_persistence,-3.333333146541643e-11,0.20982392310209666,3.0,521.0,-0.2234195273,522.0,0.1928815865,523.0,0.030537940700000002,,,,,,
185,redox__intra_basal,-1.1121250523500001,0.3156691512354662,2.0,524.0,-1.3353368498,525.0,-0.8889132549000001,,,,,,,,
186,redox__whib3_comp_4.5,-0.22943801865000002,0.9847992482570863,2.0,526.0,0.4669202079,527.0,-0.9257962452,,,,,,,,
187,redox__whib3_comp_6.6,-0.22322917445,0.17745647119864907,2.0,528.0,-0.0977485003,529.0,-0.34870984860000004,,,,,,,,
188,redox__whib3_ko_4.5,-0.6661397919000001,0.1805931905867422,2.0,530.0,-0.7938384616,531.0,-0.5384411222000001,,,,,,,,
189,redox__wt_4.5,0.1685416087,0.13028306961702865,2.0,532.0,0.26066565070000003,533.0,0.07641756670000001,,,,,,,,
190,redox__wt_6.6,0.0,0.009732955167607622,2.0,534.0,-0.0068822386,535.0,0.0068822386,,,,,,,,
191,resus__day_1_run_1,0.0,0.07951384726597169,2.0,536.0,-0.0562247806,537.0,0.0562247806,,,,,,,,
192,resus__day_4_run_1,-0.9625713223500001,0.28604340664163336,2.0,538.0,-1.1648345549,539.0,-0.7603080898,,,,,,,,
193,rho__00h_DUC,0.0,0.1823302922985075,2.0,540.0,0.1289269861,541.0,-0.1289269861,,,,,,,,
194,rho__00h_DUC_1,0.14348710755,0.23807985346641275,2.0,542.0,0.3118349864,543.0,-0.0248607713,,,,,,,,
195,rho__01.5_DUC,-0.044337635900000005,0.37123388982285443,2.0,544.0,-0.30683963680000004,545.0,0.21816436500000003,,,,,,,,
196,rho__01.5h_DUC_ATC,0.32550965685,0.1143918922885573,2.0,546.0,0.2446223741,547.0,0.4063969396,,,,,,,,
197,rho__03_DUC,0.38972242845,0.033092530396518244,2.0,548.0,0.4131223811,549.0,0.3663224758,,,,,,,,
198,rho__03h_DUC_ATC,0.24936153030000002,0.20728706625333737,2.0,550.0,0.39593562050000003,551.0,0.1027874401,,,,,,,,
199,rho__06h_DUC_ATC,0.74376098225,0.18639898775801406,2.0,552.0,0.8755649705,553.0,0.611956994,,,,,,,,
200,rho__06h_WT_ATC,-0.8199288618,0.4184921773815253,2.0,554.0,-1.1158475183,555.0,-0.5240102053,,,,,,,,
201,rho__09_DUC,2.6975543660000003,0.05084182835819184,2.0,556.0,2.7335049676,557.0,2.6616037644,,,,,,,,
202,rho__09h_DUC_ATC,2.1532807189,,1.0,558.0,2.1532807189,,,,,,,,,,
203,smx__0_days_12.5,0.12694466536666668,0.18676283211251013,3.0,559.0,0.2637460661,560.0,0.2029198218,561.0,-0.0858318918,,,,,,
204,smx__0_days_control,0.0,0.15076382562846538,3.0,562.0,0.1617661367,563.0,-0.025173833200000002,564.0,-0.1365923035,,,,,,
205,smx__1_days_12.5,0.2013017653,0.09610660953955082,3.0,565.0,0.0988252884,566.0,0.2156562789,567.0,0.2894237286,,,,,,
206,smx__1_days_control,0.020114637833333338,0.3772049034293306,3.0,568.0,-0.4005546209,569.0,0.1326659852,570.0,0.3282325492,,,,,,
207,sq109__0_days_3,0.233651966925,0.7927516374659507,4.0,571.0,-0.4524296839,572.0,0.9233557237000001,573.0,0.9170268787,574.0,-0.45334505080000004,,,,
208,sq109__0_days_control,2.7755575615628914e-17,0.6582292192987459,4.0,575.0,-0.5085443786,576.0,0.1631252051,577.0,0.8636917483000001,578.0,-0.5182725748,,,,
209,sq109__1_days_3,0.011302954650000002,0.9653168214419008,4.0,579.0,-0.8883885814,580.0,0.8250694072,581.0,0.8667177836000001,582.0,-0.7581867908000001,,,,
210,sq109__1_days_control,-0.03348401182499999,0.9133250073619819,4.0,583.0,-0.9616536771,584.0,0.6271166972000001,585.0,-0.6641597713,586.0,0.8647607039,,,,
211,stress__.1_butyrate,0.15855391696666668,0.14830675829095052,3.0,587.0,0.2407586371,588.0,0.2475541416,589.0,-0.0126510278,,,,,,
212,stress__.4_gluc,-2.3129646346357427e-18,0.20895584022104363,3.0,590.0,-0.18640308660000002,591.0,0.2258776909,592.0,-0.0394746043,,,,,,
213,stress__1_days_low_iron,-0.3828164162,0.8007815911440048,3.0,593.0,-1.10116081,594.0,0.4805751334,595.0,-0.527863572,,,,,,
214,stress__7_days_low_iron,-0.2751006162,0.20293660521527335,3.0,596.0,-0.2019041987,597.0,-0.11891661860000001,598.0,-0.5044810313,,,,,,
215,stress__gluc_butyrate,0.1090001631,0.286186048764378,3.0,599.0,-0.1593671528,600.0,0.41017691170000004,601.0,0.0761907304,,,,,,
216,stress__high_iron,0.4309597608333333,0.03616339123237064,3.0,602.0,0.4664866892,603.0,0.3941918528,604.0,0.4322007405,,,,,,
217,stress__tolox_ph_7,0.1095179105,0.1200476648768065,2.0,605.0,0.1944044284,606.0,0.0246313926,,,,,,,,
218,sutez__0_days_5.6,-0.24370593095,0.3378410524399735,4.0,607.0,-0.4371267494,608.0,-0.2784945217,609.0,-0.5022593162,610.0,0.2430568635,,,,
219,sutez__0_days_control,0.0,0.17043578942895382,4.0,611.0,0.0878800225,612.0,-0.2534164511,613.0,0.055371824800000004,614.0,0.11016460380000001,,,,
220,sutez__1_days_5.6,1.27159402285,0.1141711393497465,2.0,615.0,1.190862836,616.0,1.3523252097,,,,,,,,
221,sutez__1_days_control,-0.4418428629,0.05650532590010314,4.0,617.0,-0.4479809362,618.0,-0.4188728748,619.0,-0.38365700880000003,620.0,-0.5168606318,,,,
222,thrB__0_days_starve,0.0,1.1908217436227007,2.0,621.0,-0.8420381301000001,622.0,0.8420381301000001,,,,,,,,
223,tss__expression_library,1.816012131,0.049204246410445636,2.0,623.0,1.8508047873,624.0,1.7812194747,,,,,,,,
224,tss__mapping_triphosphate,1.5049485488499998,0.13298530356646648,2.0,625.0,1.4109137389,626.0,1.5989833588,,,,,,,,
225,tss__mapping_wo_triphosphate,1.7674710064499999,0.4975190382981054,2.0,627.0,2.1192700922,628.0,1.4156719207,,,,,,,,
226,tss__wt_experiment_2,3.700743415417188e-17,0.4757113215150534,3.0,629.0,0.42548083340000004,630.0,0.0881346516,631.0,-0.513615485,,,,,,
227,vera__0_days_176,-0.64236673815,0.1555171118551008,4.0,632.0,-0.5783631015,633.0,-0.8736742217000001,634.0,-0.5367852662,635.0,-0.5806443632,,,,
228,vera__0_days_control,6.938893903907228e-18,0.23467116246316383,4.0,636.0,-0.07696592840000001,637.0,0.18870472700000002,638.0,-0.2981870171,639.0,0.1864482185,,,,
229,vera__1_days_176,0.01379881346666667,0.26079786531363897,3.0,640.0,-0.22623106540000001,641.0,-0.023681547,642.0,0.2913090528,,,,,,
230,vera__1_days_control,-0.19190346285,0.21907709681560944,4.0,643.0,-0.24032685,644.0,-0.1388658265,645.0,-0.4576644374,646.0,0.0692432625,,,,
